[0, 99999999999999999999999999999993397, 199999999999999999999999999999986944, 299999999999999999999999999999980561, 399999999999999999999999999999974202] | 499999999999999999999999999999967905
[99999999999999999999999999999993397, 199999999999999999999999999999986944, 299999999999999999999999999999980561, 399999999999999999999999999999974202, 499999999999999999999999999999967905] | 599999999999999999999999999999961756
[199999999999999999999999999999986944, 299999999999999999999999999999980561, 399999999999999999999999999999974202, 499999999999999999999999999999967905, 599999999999999999999999999999961756] | 699999999999999999999999999999955615
[299999999999999999999999999999980561, 399999999999999999999999999999974202, 499999999999999999999999999999967905, 599999999999999999999999999999961756, 699999999999999999999999999999955615] | 799999999999999999999999999999949582
[399999999999999999999999999999974202, 499999999999999999999999999999967905, 599999999999999999999999999999961756, 699999999999999999999999999999955615, 799999999999999999999999999999949582] | 899999999999999999999999999999943579
[499999999999999999999999999999967905, 599999999999999999999999999999961756, 699999999999999999999999999999955615, 799999999999999999999999999999949582, 899999999999999999999999999999943579] | 999999999999999999999999999999937600
[599999999999999999999999999999961756, 699999999999999999999999999999955615, 799999999999999999999999999999949582, 899999999999999999999999999999943579, 999999999999999999999999999999937600] | 1099999999999999999999999999999931649
[699999999999999999999999999999955615, 799999999999999999999999999999949582, 899999999999999999999999999999943579, 999999999999999999999999999999937600, 1099999999999999999999999999999931649] | 1199999999999999999999999999999925728
[799999999999999999999999999999949582, 899999999999999999999999999999943579, 999999999999999999999999999999937600, 1099999999999999999999999999999931649, 1199999999999999999999999999999925728] | 1299999999999999999999999999999919851
[899999999999999999999999999999943579, 999999999999999999999999999999937600, 1099999999999999999999999999999931649, 1199999999999999999999999999999925728, 1299999999999999999999999999999919851] | 1399999999999999999999999999999914070
[999999999999999999999999999999937600, 1099999999999999999999999999999931649, 1199999999999999999999999999999925728, 1299999999999999999999999999999919851, 1399999999999999999999999999999914070] | 1499999999999999999999999999999908319
[1099999999999999999999999999999931649, 1199999999999999999999999999999925728, 1299999999999999999999999999999919851, 1399999999999999999999999999999914070, 1499999999999999999999999999999908319] | 1599999999999999999999999999999902656
[1199999999999999999999999999999925728, 1299999999999999999999999999999919851, 1399999999999999999999999999999914070, 1499999999999999999999999999999908319, 1599999999999999999999999999999902656] | 1699999999999999999999999999999897133
[1299999999999999999999999999999919851, 1399999999999999999999999999999914070, 1499999999999999999999999999999908319, 1599999999999999999999999999999902656, 1699999999999999999999999999999897133] | 1799999999999999999999999999999891784
[1399999999999999999999999999999914070, 1499999999999999999999999999999908319, 1599999999999999999999999999999902656, 1699999999999999999999999999999897133, 1799999999999999999999999999999891784] | 1899999999999999999999999999999886475
[1499999999999999999999999999999908319, 1599999999999999999999999999999902656, 1699999999999999999999999999999897133, 1799999999999999999999999999999891784, 1899999999999999999999999999999886475] | 1999999999999999999999999999999881244
[1599999999999999999999999999999902656, 1699999999999999999999999999999897133, 1799999999999999999999999999999891784, 1899999999999999999999999999999886475, 1999999999999999999999999999999881244] | 2099999999999999999999999999999876043
[1699999999999999999999999999999897133, 1799999999999999999999999999999891784, 1899999999999999999999999999999886475, 1999999999999999999999999999999881244, 2099999999999999999999999999999876043] | 2199999999999999999999999999999870992
[1799999999999999999999999999999891784, 1899999999999999999999999999999886475, 1999999999999999999999999999999881244, 2099999999999999999999999999999876043, 2199999999999999999999999999999870992] | 2299999999999999999999999999999865979
[1899999999999999999999999999999886475, 1999999999999999999999999999999881244, 2099999999999999999999999999999876043, 2199999999999999999999999999999870992, 2299999999999999999999999999999865979] | 2399999999999999999999999999999861000
[1999999999999999999999999999999881244, 2099999999999999999999999999999876043, 2199999999999999999999999999999870992, 2299999999999999999999999999999865979, 2399999999999999999999999999999861000] | 2499999999999999999999999999999856047
[2099999999999999999999999999999876043, 2199999999999999999999999999999870992, 2299999999999999999999999999999865979, 2399999999999999999999999999999861000, 2499999999999999999999999999999856047] | 2599999999999999999999999999999851176
[2199999999999999999999999999999870992, 2299999999999999999999999999999865979, 2399999999999999999999999999999861000, 2499999999999999999999999999999856047, 2599999999999999999999999999999851176] | 2699999999999999999999999999999846343
[2299999999999999999999999999999865979, 2399999999999999999999999999999861000, 2499999999999999999999999999999856047, 2599999999999999999999999999999851176, 2699999999999999999999999999999846343] | 2799999999999999999999999999999841520
[2399999999999999999999999999999861000, 2499999999999999999999999999999856047, 2599999999999999999999999999999851176, 2699999999999999999999999999999846343, 2799999999999999999999999999999841520] | 2899999999999999999999999999999836723
[2499999999999999999999999999999856047, 2599999999999999999999999999999851176, 2699999999999999999999999999999846343, 2799999999999999999999999999999841520, 2899999999999999999999999999999836723] | 2999999999999999999999999999999832020
[2599999999999999999999999999999851176, 2699999999999999999999999999999846343, 2799999999999999999999999999999841520, 2899999999999999999999999999999836723, 2999999999999999999999999999999832020] | 3099999999999999999999999999999827419
[2699999999999999999999999999999846343, 2799999999999999999999999999999841520, 2899999999999999999999999999999836723, 2999999999999999999999999999999832020, 3099999999999999999999999999999827419] | 3199999999999999999999999999999822848
[2799999999999999999999999999999841520, 2899999999999999999999999999999836723, 2999999999999999999999999999999832020, 3099999999999999999999999999999827419, 3199999999999999999999999999999822848] | 3299999999999999999999999999999818289
[2899999999999999999999999999999836723, 2999999999999999999999999999999832020, 3099999999999999999999999999999827419, 3199999999999999999999999999999822848, 3299999999999999999999999999999818289] | 3399999999999999999999999999999813976
[2999999999999999999999999999999832020, 3099999999999999999999999999999827419, 3199999999999999999999999999999822848, 3299999999999999999999999999999818289, 3399999999999999999999999999999813976] | 3499999999999999999999999999999809905
[3099999999999999999999999999999827419, 3199999999999999999999999999999822848, 3299999999999999999999999999999818289, 3399999999999999999999999999999813976, 3499999999999999999999999999999809905] | 3599999999999999999999999999999805892
[3199999999999999999999999999999822848, 3299999999999999999999999999999818289, 3399999999999999999999999999999813976, 3499999999999999999999999999999809905, 3599999999999999999999999999999805892] | 3699999999999999999999999999999801885
[3299999999999999999999999999999818289, 3399999999999999999999999999999813976, 3499999999999999999999999999999809905, 3599999999999999999999999999999805892, 3699999999999999999999999999999801885] | 3799999999999999999999999999999797896
[3399999999999999999999999999999813976, 3499999999999999999999999999999809905, 3599999999999999999999999999999805892, 3699999999999999999999999999999801885, 3799999999999999999999999999999797896] | 3899999999999999999999999999999793973
[3499999999999999999999999999999809905, 3599999999999999999999999999999805892, 3699999999999999999999999999999801885, 3799999999999999999999999999999797896, 3899999999999999999999999999999793973] | 3999999999999999999999999999999790154
[3599999999999999999999999999999805892, 3699999999999999999999999999999801885, 3799999999999999999999999999999797896, 3899999999999999999999999999999793973, 3999999999999999999999999999999790154] | 4099999999999999999999999999999786365
[3699999999999999999999999999999801885, 3799999999999999999999999999999797896, 3899999999999999999999999999999793973, 3999999999999999999999999999999790154, 4099999999999999999999999999999786365] | 4199999999999999999999999999999782702
[3799999999999999999999999999999797896, 3899999999999999999999999999999793973, 3999999999999999999999999999999790154, 4099999999999999999999999999999786365, 4199999999999999999999999999999782702] | 4299999999999999999999999999999779423
[3899999999999999999999999999999793973, 3999999999999999999999999999999790154, 4099999999999999999999999999999786365, 4199999999999999999999999999999782702, 4299999999999999999999999999999779423] | 4399999999999999999999999999999776304
[3999999999999999999999999999999790154, 4099999999999999999999999999999786365, 4199999999999999999999999999999782702, 4299999999999999999999999999999779423, 4399999999999999999999999999999776304] | 4499999999999999999999999999999773251
[4099999999999999999999999999999786365, 4199999999999999999999999999999782702, 4299999999999999999999999999999779423, 4399999999999999999999999999999776304, 4499999999999999999999999999999773251] | 4599999999999999999999999999999770234
[4199999999999999999999999999999782702, 4299999999999999999999999999999779423, 4399999999999999999999999999999776304, 4499999999999999999999999999999773251, 4599999999999999999999999999999770234] | 4699999999999999999999999999999767223
[4299999999999999999999999999999779423, 4399999999999999999999999999999776304, 4499999999999999999999999999999773251, 4599999999999999999999999999999770234, 4699999999999999999999999999999767223] | 4799999999999999999999999999999764244
[4399999999999999999999999999999776304, 4499999999999999999999999999999773251, 4599999999999999999999999999999770234, 4699999999999999999999999999999767223, 4799999999999999999999999999999764244] | 4899999999999999999999999999999761287
[4499999999999999999999999999999773251, 4599999999999999999999999999999770234, 4699999999999999999999999999999767223, 4799999999999999999999999999999764244, 4899999999999999999999999999999761287] | 4999999999999999999999999999999758336
[4599999999999999999999999999999770234, 4699999999999999999999999999999767223, 4799999999999999999999999999999764244, 4899999999999999999999999999999761287, 4999999999999999999999999999999758336] | 5099999999999999999999999999999755639
[4699999999999999999999999999999767223, 4799999999999999999999999999999764244, 4899999999999999999999999999999761287, 4999999999999999999999999999999758336, 5099999999999999999999999999999755639] | 5199999999999999999999999999999753032
[4799999999999999999999999999999764244, 4899999999999999999999999999999761287, 4999999999999999999999999999999758336, 5099999999999999999999999999999755639, 5199999999999999999999999999999753032] | 5299999999999999999999999999999750471
[4899999999999999999999999999999761287, 4999999999999999999999999999999758336, 5099999999999999999999999999999755639, 5199999999999999999999999999999753032, 5299999999999999999999999999999750471] | 5399999999999999999999999999999747982
[4999999999999999999999999999999758336, 5099999999999999999999999999999755639, 5199999999999999999999999999999753032, 5299999999999999999999999999999750471, 5399999999999999999999999999999747982] | 5499999999999999999999999999999745525
[5099999999999999999999999999999755639, 5199999999999999999999999999999753032, 5299999999999999999999999999999750471, 5399999999999999999999999999999747982, 5499999999999999999999999999999745525] | 5599999999999999999999999999999743156
[5199999999999999999999999999999753032, 5299999999999999999999999999999750471, 5399999999999999999999999999999747982, 5499999999999999999999999999999745525, 5599999999999999999999999999999743156] | 5699999999999999999999999999999740793
[5299999999999999999999999999999750471, 5399999999999999999999999999999747982, 5499999999999999999999999999999745525, 5599999999999999999999999999999743156, 5699999999999999999999999999999740793] | 5799999999999999999999999999999738444
[5399999999999999999999999999999747982, 5499999999999999999999999999999745525, 5599999999999999999999999999999743156, 5699999999999999999999999999999740793, 5799999999999999999999999999999738444] | 5899999999999999999999999999999736111
[5499999999999999999999999999999745525, 5599999999999999999999999999999743156, 5699999999999999999999999999999740793, 5799999999999999999999999999999738444, 5899999999999999999999999999999736111] | 5999999999999999999999999999999733862
[5599999999999999999999999999999743156, 5699999999999999999999999999999740793, 5799999999999999999999999999999738444, 5899999999999999999999999999999736111, 5999999999999999999999999999999733862] | 6099999999999999999999999999999731679
[5699999999999999999999999999999740793, 5799999999999999999999999999999738444, 5899999999999999999999999999999736111, 5999999999999999999999999999999733862, 6099999999999999999999999999999731679] | 6199999999999999999999999999999729522
[5799999999999999999999999999999738444, 5899999999999999999999999999999736111, 5999999999999999999999999999999733862, 6099999999999999999999999999999731679, 6199999999999999999999999999999729522] | 6299999999999999999999999999999727405
[5899999999999999999999999999999736111, 5999999999999999999999999999999733862, 6099999999999999999999999999999731679, 6199999999999999999999999999999729522, 6299999999999999999999999999999727405] | 6399999999999999999999999999999725476
[5999999999999999999999999999999733862, 6099999999999999999999999999999731679, 6199999999999999999999999999999729522, 6299999999999999999999999999999727405, 6399999999999999999999999999999725476] | 6499999999999999999999999999999723703
[6099999999999999999999999999999731679, 6199999999999999999999999999999729522, 6299999999999999999999999999999727405, 6399999999999999999999999999999725476, 6499999999999999999999999999999723703] | 6599999999999999999999999999999721954
[6199999999999999999999999999999729522, 6299999999999999999999999999999727405, 6399999999999999999999999999999725476, 6499999999999999999999999999999723703, 6599999999999999999999999999999721954] | 6699999999999999999999999999999720233
[6299999999999999999999999999999727405, 6399999999999999999999999999999725476, 6499999999999999999999999999999723703, 6599999999999999999999999999999721954, 6699999999999999999999999999999720233] | 6799999999999999999999999999999718550
[6399999999999999999999999999999725476, 6499999999999999999999999999999723703, 6599999999999999999999999999999721954, 6699999999999999999999999999999720233, 6799999999999999999999999999999718550] | 6899999999999999999999999999999716871
[6499999999999999999999999999999723703, 6599999999999999999999999999999721954, 6699999999999999999999999999999720233, 6799999999999999999999999999999718550, 6899999999999999999999999999999716871] | 6999999999999999999999999999999715204
[6599999999999999999999999999999721954, 6699999999999999999999999999999720233, 6799999999999999999999999999999718550, 6899999999999999999999999999999716871, 6999999999999999999999999999999715204] | 7099999999999999999999999999999713581
[6699999999999999999999999999999720233, 6799999999999999999999999999999718550, 6899999999999999999999999999999716871, 6999999999999999999999999999999715204, 7099999999999999999999999999999713581] | 7199999999999999999999999999999711982
[6799999999999999999999999999999718550, 6899999999999999999999999999999716871, 6999999999999999999999999999999715204, 7099999999999999999999999999999713581, 7199999999999999999999999999999711982] | 7299999999999999999999999999999710569
[6899999999999999999999999999999716871, 6999999999999999999999999999999715204, 7099999999999999999999999999999713581, 7199999999999999999999999999999711982, 7299999999999999999999999999999710569] | 7399999999999999999999999999999709166
[6999999999999999999999999999999715204, 7099999999999999999999999999999713581, 7199999999999999999999999999999711982, 7299999999999999999999999999999710569, 7399999999999999999999999999999709166] | 7499999999999999999999999999999707903
[7099999999999999999999999999999713581, 7199999999999999999999999999999711982, 7299999999999999999999999999999710569, 7399999999999999999999999999999709166, 7499999999999999999999999999999707903] | 7599999999999999999999999999999706644
[7199999999999999999999999999999711982, 7299999999999999999999999999999710569, 7399999999999999999999999999999709166, 7499999999999999999999999999999707903, 7599999999999999999999999999999706644] | 7699999999999999999999999999999705403
[7299999999999999999999999999999710569, 7399999999999999999999999999999709166, 7499999999999999999999999999999707903, 7599999999999999999999999999999706644, 7699999999999999999999999999999705403] | 7799999999999999999999999999999704272
[7399999999999999999999999999999709166, 7499999999999999999999999999999707903, 7599999999999999999999999999999706644, 7699999999999999999999999999999705403, 7799999999999999999999999999999704272] | 7899999999999999999999999999999703169
[7499999999999999999999999999999707903, 7599999999999999999999999999999706644, 7699999999999999999999999999999705403, 7799999999999999999999999999999704272, 7899999999999999999999999999999703169] | 7999999999999999999999999999999702080
[7599999999999999999999999999999706644, 7699999999999999999999999999999705403, 7799999999999999999999999999999704272, 7899999999999999999999999999999703169, 7999999999999999999999999999999702080] | 8099999999999999999999999999999701139
[7699999999999999999999999999999705403, 7799999999999999999999999999999704272, 7899999999999999999999999999999703169, 7999999999999999999999999999999702080, 8099999999999999999999999999999701139] | 8199999999999999999999999999999700242
[7799999999999999999999999999999704272, 7899999999999999999999999999999703169, 7999999999999999999999999999999702080, 8099999999999999999999999999999701139, 8199999999999999999999999999999700242] | 8299999999999999999999999999999699501
[7899999999999999999999999999999703169, 7999999999999999999999999999999702080, 8099999999999999999999999999999701139, 8199999999999999999999999999999700242, 8299999999999999999999999999999699501] | 8399999999999999999999999999999698812
[7999999999999999999999999999999702080, 8099999999999999999999999999999701139, 8199999999999999999999999999999700242, 8299999999999999999999999999999699501, 8399999999999999999999999999999698812] | 8499999999999999999999999999999698125
[8099999999999999999999999999999701139, 8199999999999999999999999999999700242, 8299999999999999999999999999999699501, 8399999999999999999999999999999698812, 8499999999999999999999999999999698125] | 8599999999999999999999999999999697502
[8199999999999999999999999999999700242, 8299999999999999999999999999999699501, 8399999999999999999999999999999698812, 8499999999999999999999999999999698125, 8599999999999999999999999999999697502] | 8699999999999999999999999999999696945
[8299999999999999999999999999999699501, 8399999999999999999999999999999698812, 8499999999999999999999999999999698125, 8599999999999999999999999999999697502, 8699999999999999999999999999999696945] | 8799999999999999999999999999999696412
[8399999999999999999999999999999698812, 8499999999999999999999999999999698125, 8599999999999999999999999999999697502, 8699999999999999999999999999999696945, 8799999999999999999999999999999696412] | 8899999999999999999999999999999695881
[8499999999999999999999999999999698125, 8599999999999999999999999999999697502, 8699999999999999999999999999999696945, 8799999999999999999999999999999696412, 8899999999999999999999999999999695881] | 8999999999999999999999999999999695494
[8599999999999999999999999999999697502, 8699999999999999999999999999999696945, 8799999999999999999999999999999696412, 8899999999999999999999999999999695881, 8999999999999999999999999999999695494] | 9099999999999999999999999999999695161
[8699999999999999999999999999999696945, 8799999999999999999999999999999696412, 8899999999999999999999999999999695881, 8999999999999999999999999999999695494, 9099999999999999999999999999999695161] | 9199999999999999999999999999999694840
[8799999999999999999999999999999696412, 8899999999999999999999999999999695881, 8999999999999999999999999999999695494, 9099999999999999999999999999999695161, 9199999999999999999999999999999694840] | 9299999999999999999999999999999694603
[8899999999999999999999999999999695881, 8999999999999999999999999999999695494, 9099999999999999999999999999999695161, 9199999999999999999999999999999694840, 9299999999999999999999999999999694603] | 9399999999999999999999999999999694580