[0, 99999999999999999999999999999999999999999999990797, 199999999999999999999999999999999999999999999981734, 299999999999999999999999999999999999999999999972785, 399999999999999999999999999999999999999999999963908] | 499999999999999999999999999999999999999999999955131
[99999999999999999999999999999999999999999999990797, 199999999999999999999999999999999999999999999981734, 299999999999999999999999999999999999999999999972785, 399999999999999999999999999999999999999999999963908, 499999999999999999999999999999999999999999999955131] | 599999999999999999999999999999999999999999999946522
[199999999999999999999999999999999999999999999981734, 299999999999999999999999999999999999999999999972785, 399999999999999999999999999999999999999999999963908, 499999999999999999999999999999999999999999999955131, 599999999999999999999999999999999999999999999946522] | 699999999999999999999999999999999999999999999938045
[299999999999999999999999999999999999999999999972785, 399999999999999999999999999999999999999999999963908, 499999999999999999999999999999999999999999999955131, 599999999999999999999999999999999999999999999946522, 699999999999999999999999999999999999999999999938045] | 799999999999999999999999999999999999999999999929714
[399999999999999999999999999999999999999999999963908, 499999999999999999999999999999999999999999999955131, 599999999999999999999999999999999999999999999946522, 699999999999999999999999999999999999999999999938045, 799999999999999999999999999999999999999999999929714] | 899999999999999999999999999999999999999999999921477
[499999999999999999999999999999999999999999999955131, 599999999999999999999999999999999999999999999946522, 699999999999999999999999999999999999999999999938045, 799999999999999999999999999999999999999999999929714, 899999999999999999999999999999999999999999999921477] | 999999999999999999999999999999999999999999999913318
[599999999999999999999999999999999999999999999946522, 699999999999999999999999999999999999999999999938045, 799999999999999999999999999999999999999999999929714, 899999999999999999999999999999999999999999999921477, 999999999999999999999999999999999999999999999913318] | 1099999999999999999999999999999999999999999999905167
[699999999999999999999999999999999999999999999938045, 799999999999999999999999999999999999999999999929714, 899999999999999999999999999999999999999999999921477, 999999999999999999999999999999999999999999999913318, 1099999999999999999999999999999999999999999999905167] | 1199999999999999999999999999999999999999999999897116
[799999999999999999999999999999999999999999999929714, 899999999999999999999999999999999999999999999921477, 999999999999999999999999999999999999999999999913318, 1099999999999999999999999999999999999999999999905167, 1199999999999999999999999999999999999999999999897116] | 1299999999999999999999999999999999999999999999889115
[899999999999999999999999999999999999999999999921477, 999999999999999999999999999999999999999999999913318, 1099999999999999999999999999999999999999999999905167, 1199999999999999999999999999999999999999999999897116, 1299999999999999999999999999999999999999999999889115] | 1399999999999999999999999999999999999999999999881226
[999999999999999999999999999999999999999999999913318, 1099999999999999999999999999999999999999999999905167, 1199999999999999999999999999999999999999999999897116, 1299999999999999999999999999999999999999999999889115, 1399999999999999999999999999999999999999999999881226] | 1499999999999999999999999999999999999999999999873445
[1099999999999999999999999999999999999999999999905167, 1199999999999999999999999999999999999999999999897116, 1299999999999999999999999999999999999999999999889115, 1399999999999999999999999999999999999999999999881226, 1499999999999999999999999999999999999999999999873445] | 1599999999999999999999999999999999999999999999865868
[1199999999999999999999999999999999999999999999897116, 1299999999999999999999999999999999999999999999889115, 1399999999999999999999999999999999999999999999881226, 1499999999999999999999999999999999999999999999873445, 1599999999999999999999999999999999999999999999865868] | 1699999999999999999999999999999999999999999999858401
[1299999999999999999999999999999999999999999999889115, 1399999999999999999999999999999999999999999999881226, 1499999999999999999999999999999999999999999999873445, 1599999999999999999999999999999999999999999999865868, 1699999999999999999999999999999999999999999999858401] | 1799999999999999999999999999999999999999999999851064
[1399999999999999999999999999999999999999999999881226, 1499999999999999999999999999999999999999999999873445, 1599999999999999999999999999999999999999999999865868, 1699999999999999999999999999999999999999999999858401, 1799999999999999999999999999999999999999999999851064] | 1899999999999999999999999999999999999999999999843783
[1499999999999999999999999999999999999999999999873445, 1599999999999999999999999999999999999999999999865868, 1699999999999999999999999999999999999999999999858401, 1799999999999999999999999999999999999999999999851064, 1899999999999999999999999999999999999999999999843783] | 1999999999999999999999999999999999999999999999836694
[1599999999999999999999999999999999999999999999865868, 1699999999999999999999999999999999999999999999858401, 1799999999999999999999999999999999999999999999851064, 1899999999999999999999999999999999999999999999843783, 1999999999999999999999999999999999999999999999836694] | 2099999999999999999999999999999999999999999999829683
[1699999999999999999999999999999999999999999999858401, 1799999999999999999999999999999999999999999999851064, 1899999999999999999999999999999999999999999999843783, 1999999999999999999999999999999999999999999999836694, 2099999999999999999999999999999999999999999999829683] | 2199999999999999999999999999999999999999999999822850
[1799999999999999999999999999999999999999999999851064, 1899999999999999999999999999999999999999999999843783, 1999999999999999999999999999999999999999999999836694, 2099999999999999999999999999999999999999999999829683, 2199999999999999999999999999999999999999999999822850] | 2299999999999999999999999999999999999999999999816077
[1899999999999999999999999999999999999999999999843783, 1999999999999999999999999999999999999999999999836694, 2099999999999999999999999999999999999999999999829683, 2199999999999999999999999999999999999999999999822850, 2299999999999999999999999999999999999999999999816077] | 2399999999999999999999999999999999999999999999809340
[1999999999999999999999999999999999999999999999836694, 2099999999999999999999999999999999999999999999829683, 2199999999999999999999999999999999999999999999822850, 2299999999999999999999999999999999999999999999816077, 2399999999999999999999999999999999999999999999809340] | 2499999999999999999999999999999999999999999999802647
[2099999999999999999999999999999999999999999999829683, 2199999999999999999999999999999999999999999999822850, 2299999999999999999999999999999999999999999999816077, 2399999999999999999999999999999999999999999999809340, 2499999999999999999999999999999999999999999999802647] | 2599999999999999999999999999999999999999999999796014
[2199999999999999999999999999999999999999999999822850, 2299999999999999999999999999999999999999999999816077, 2399999999999999999999999999999999999999999999809340, 2499999999999999999999999999999999999999999999802647, 2599999999999999999999999999999999999999999999796014] | 2699999999999999999999999999999999999999999999789657
[2299999999999999999999999999999999999999999999816077, 2399999999999999999999999999999999999999999999809340, 2499999999999999999999999999999999999999999999802647, 2599999999999999999999999999999999999999999999796014, 2699999999999999999999999999999999999999999999789657] | 2799999999999999999999999999999999999999999999783324
[2399999999999999999999999999999999999999999999809340, 2499999999999999999999999999999999999999999999802647, 2599999999999999999999999999999999999999999999796014, 2699999999999999999999999999999999999999999999789657, 2799999999999999999999999999999999999999999999783324] | 2899999999999999999999999999999999999999999999777051
[2499999999999999999999999999999999999999999999802647, 2599999999999999999999999999999999999999999999796014, 2699999999999999999999999999999999999999999999789657, 2799999999999999999999999999999999999999999999783324, 2899999999999999999999999999999999999999999999777051] | 2999999999999999999999999999999999999999999999770794
[2599999999999999999999999999999999999999999999796014, 2699999999999999999999999999999999999999999999789657, 2799999999999999999999999999999999999999999999783324, 2899999999999999999999999999999999999999999999777051, 2999999999999999999999999999999999999999999999770794] | 3099999999999999999999999999999999999999999999764543
[2699999999999999999999999999999999999999999999789657, 2799999999999999999999999999999999999999999999783324, 2899999999999999999999999999999999999999999999777051, 2999999999999999999999999999999999999999999999770794, 3099999999999999999999999999999999999999999999764543] | 3199999999999999999999999999999999999999999999758622
[2799999999999999999999999999999999999999999999783324, 2899999999999999999999999999999999999999999999777051, 2999999999999999999999999999999999999999999999770794, 3099999999999999999999999999999999999999999999764543, 3199999999999999999999999999999999999999999999758622] | 3299999999999999999999999999999999999999999999752745
[2899999999999999999999999999999999999999999999777051, 2999999999999999999999999999999999999999999999770794, 3099999999999999999999999999999999999999999999764543, 3199999999999999999999999999999999999999999999758622, 3299999999999999999999999999999999999999999999752745] | 3399999999999999999999999999999999999999999999747106
[2999999999999999999999999999999999999999999999770794, 3099999999999999999999999999999999999999999999764543, 3199999999999999999999999999999999999999999999758622, 3299999999999999999999999999999999999999999999752745, 3399999999999999999999999999999999999999999999747106] | 3499999999999999999999999999999999999999999999741535
[3099999999999999999999999999999999999999999999764543, 3199999999999999999999999999999999999999999999758622, 3299999999999999999999999999999999999999999999752745, 3399999999999999999999999999999999999999999999747106, 3499999999999999999999999999999999999999999999741535] | 3599999999999999999999999999999999999999999999735994
[3199999999999999999999999999999999999999999999758622, 3299999999999999999999999999999999999999999999752745, 3399999999999999999999999999999999999999999999747106, 3499999999999999999999999999999999999999999999741535, 3599999999999999999999999999999999999999999999735994] | 3699999999999999999999999999999999999999999999730465
[3299999999999999999999999999999999999999999999752745, 3399999999999999999999999999999999999999999999747106, 3499999999999999999999999999999999999999999999741535, 3599999999999999999999999999999999999999999999735994, 3699999999999999999999999999999999999999999999730465] | 3799999999999999999999999999999999999999999999724948
[3399999999999999999999999999999999999999999999747106, 3499999999999999999999999999999999999999999999741535, 3599999999999999999999999999999999999999999999735994, 3699999999999999999999999999999999999999999999730465, 3799999999999999999999999999999999999999999999724948] | 3899999999999999999999999999999999999999999999719509
[3499999999999999999999999999999999999999999999741535, 3599999999999999999999999999999999999999999999735994, 3699999999999999999999999999999999999999999999730465, 3799999999999999999999999999999999999999999999724948, 3899999999999999999999999999999999999999999999719509] | 3999999999999999999999999999999999999999999999714130
[3599999999999999999999999999999999999999999999735994, 3699999999999999999999999999999999999999999999730465, 3799999999999999999999999999999999999999999999724948, 3899999999999999999999999999999999999999999999719509, 3999999999999999999999999999999999999999999999714130] | 4099999999999999999999999999999999999999999999708769
[3699999999999999999999999999999999999999999999730465, 3799999999999999999999999999999999999999999999724948, 3899999999999999999999999999999999999999999999719509, 3999999999999999999999999999999999999999999999714130, 4099999999999999999999999999999999999999999999708769] | 4199999999999999999999999999999999999999999999703472
[3799999999999999999999999999999999999999999999724948, 3899999999999999999999999999999999999999999999719509, 3999999999999999999999999999999999999999999999714130, 4099999999999999999999999999999999999999999999708769, 4199999999999999999999999999999999999999999999703472] | 4299999999999999999999999999999999999999999999698349
[3899999999999999999999999999999999999999999999719509, 3999999999999999999999999999999999999999999999714130, 4099999999999999999999999999999999999999999999708769, 4199999999999999999999999999999999999999999999703472, 4299999999999999999999999999999999999999999999698349] | 4399999999999999999999999999999999999999999999693232
[3999999999999999999999999999999999999999999999714130, 4099999999999999999999999999999999999999999999708769, 4199999999999999999999999999999999999999999999703472, 4299999999999999999999999999999999999999999999698349, 4399999999999999999999999999999999999999999999693232] | 4499999999999999999999999999999999999999999999688135
[4099999999999999999999999999999999999999999999708769, 4199999999999999999999999999999999999999999999703472, 4299999999999999999999999999999999999999999999698349, 4399999999999999999999999999999999999999999999693232, 4499999999999999999999999999999999999999999999688135] | 4599999999999999999999999999999999999999999999683098
[4199999999999999999999999999999999999999999999703472, 4299999999999999999999999999999999999999999999698349, 4399999999999999999999999999999999999999999999693232, 4499999999999999999999999999999999999999999999688135, 4599999999999999999999999999999999999999999999683098] | 4699999999999999999999999999999999999999999999678115
[4299999999999999999999999999999999999999999999698349, 4399999999999999999999999999999999999999999999693232, 4499999999999999999999999999999999999999999999688135, 4599999999999999999999999999999999999999999999683098, 4699999999999999999999999999999999999999999999678115] | 4799999999999999999999999999999999999999999999673396
[4399999999999999999999999999999999999999999999693232, 4499999999999999999999999999999999999999999999688135, 4599999999999999999999999999999999999999999999683098, 4699999999999999999999999999999999999999999999678115, 4799999999999999999999999999999999999999999999673396] | 4899999999999999999999999999999999999999999999668869
[4499999999999999999999999999999999999999999999688135, 4599999999999999999999999999999999999999999999683098, 4699999999999999999999999999999999999999999999678115, 4799999999999999999999999999999999999999999999673396, 4899999999999999999999999999999999999999999999668869] | 4999999999999999999999999999999999999999999999664412
[4599999999999999999999999999999999999999999999683098, 4699999999999999999999999999999999999999999999678115, 4799999999999999999999999999999999999999999999673396, 4899999999999999999999999999999999999999999999668869, 4999999999999999999999999999999999999999999999664412] | 5099999999999999999999999999999999999999999999660023
[4699999999999999999999999999999999999999999999678115, 4799999999999999999999999999999999999999999999673396, 4899999999999999999999999999999999999999999999668869, 4999999999999999999999999999999999999999999999664412, 5099999999999999999999999999999999999999999999660023] | 5199999999999999999999999999999999999999999999655734
[4799999999999999999999999999999999999999999999673396, 4899999999999999999999999999999999999999999999668869, 4999999999999999999999999999999999999999999999664412, 5099999999999999999999999999999999999999999999660023, 5199999999999999999999999999999999999999999999655734] | 5299999999999999999999999999999999999999999999651471
[4899999999999999999999999999999999999999999999668869, 4999999999999999999999999999999999999999999999664412, 5099999999999999999999999999999999999999999999660023, 5199999999999999999999999999999999999999999999655734, 5299999999999999999999999999999999999999999999651471] | 5399999999999999999999999999999999999999999999647310
[4999999999999999999999999999999999999999999999664412, 5099999999999999999999999999999999999999999999660023, 5199999999999999999999999999999999999999999999655734, 5299999999999999999999999999999999999999999999651471, 5399999999999999999999999999999999999999999999647310] | 5499999999999999999999999999999999999999999999643189
[5099999999999999999999999999999999999999999999660023, 5199999999999999999999999999999999999999999999655734, 5299999999999999999999999999999999999999999999651471, 5399999999999999999999999999999999999999999999647310, 5499999999999999999999999999999999999999999999643189] | 5599999999999999999999999999999999999999999999639178
[5199999999999999999999999999999999999999999999655734, 5299999999999999999999999999999999999999999999651471, 5399999999999999999999999999999999999999999999647310, 5499999999999999999999999999999999999999999999643189, 5599999999999999999999999999999999999999999999639178] | 5699999999999999999999999999999999999999999999635257
[5299999999999999999999999999999999999999999999651471, 5399999999999999999999999999999999999999999999647310, 5499999999999999999999999999999999999999999999643189, 5599999999999999999999999999999999999999999999639178, 5699999999999999999999999999999999999999999999635257] | 5799999999999999999999999999999999999999999999631486
[5399999999999999999999999999999999999999999999647310, 5499999999999999999999999999999999999999999999643189, 5599999999999999999999999999999999999999999999639178, 5699999999999999999999999999999999999999999999635257, 5799999999999999999999999999999999999999999999631486] | 5899999999999999999999999999999999999999999999627773
[5499999999999999999999999999999999999999999999643189, 5599999999999999999999999999999999999999999999639178, 5699999999999999999999999999999999999999999999635257, 5799999999999999999999999999999999999999999999631486, 5899999999999999999999999999999999999999999999627773] | 5999999999999999999999999999999999999999999999624192
[5599999999999999999999999999999999999999999999639178, 5699999999999999999999999999999999999999999999635257, 5799999999999999999999999999999999999999999999631486, 5899999999999999999999999999999999999999999999627773, 5999999999999999999999999999999999999999999999624192] | 6099999999999999999999999999999999999999999999620773
[5699999999999999999999999999999999999999999999635257, 5799999999999999999999999999999999999999999999631486, 5899999999999999999999999999999999999999999999627773, 5999999999999999999999999999999999999999999999624192, 6099999999999999999999999999999999999999999999620773] | 6199999999999999999999999999999999999999999999617360
[5799999999999999999999999999999999999999999999631486, 5899999999999999999999999999999999999999999999627773, 5999999999999999999999999999999999999999999999624192, 6099999999999999999999999999999999999999999999620773, 6199999999999999999999999999999999999999999999617360] | 6299999999999999999999999999999999999999999999614007
[5899999999999999999999999999999999999999999999627773, 5999999999999999999999999999999999999999999999624192, 6099999999999999999999999999999999999999999999620773, 6199999999999999999999999999999999999999999999617360, 6299999999999999999999999999999999999999999999614007] | 6399999999999999999999999999999999999999999999610720
[5999999999999999999999999999999999999999999999624192, 6099999999999999999999999999999999999999999999620773, 6199999999999999999999999999999999999999999999617360, 6299999999999999999999999999999999999999999999614007, 6399999999999999999999999999999999999999999999610720] | 6499999999999999999999999999999999999999999999607621
[6099999999999999999999999999999999999999999999620773, 6199999999999999999999999999999999999999999999617360, 6299999999999999999999999999999999999999999999614007, 6399999999999999999999999999999999999999999999610720, 6499999999999999999999999999999999999999999999607621] | 6599999999999999999999999999999999999999999999604534
[6199999999999999999999999999999999999999999999617360, 6299999999999999999999999999999999999999999999614007, 6399999999999999999999999999999999999999999999610720, 6499999999999999999999999999999999999999999999607621, 6599999999999999999999999999999999999999999999604534] | 6699999999999999999999999999999999999999999999601583
[6299999999999999999999999999999999999999999999614007, 6399999999999999999999999999999999999999999999610720, 6499999999999999999999999999999999999999999999607621, 6599999999999999999999999999999999999999999999604534, 6699999999999999999999999999999999999999999999601583] | 6799999999999999999999999999999999999999999999598692
[6399999999999999999999999999999999999999999999610720, 6499999999999999999999999999999999999999999999607621, 6599999999999999999999999999999999999999999999604534, 6699999999999999999999999999999999999999999999601583, 6799999999999999999999999999999999999999999999598692] | 6899999999999999999999999999999999999999999999596175
[6499999999999999999999999999999999999999999999607621, 6599999999999999999999999999999999999999999999604534, 6699999999999999999999999999999999999999999999601583, 6799999999999999999999999999999999999999999999598692, 6899999999999999999999999999999999999999999999596175] | 6999999999999999999999999999999999999999999999593686
[6599999999999999999999999999999999999999999999604534, 6699999999999999999999999999999999999999999999601583, 6799999999999999999999999999999999999999999999598692, 6899999999999999999999999999999999999999999999596175, 6999999999999999999999999999999999999999999999593686] | 7099999999999999999999999999999999999999999999591293
[6699999999999999999999999999999999999999999999601583, 6799999999999999999999999999999999999999999999598692, 6899999999999999999999999999999999999999999999596175, 6999999999999999999999999999999999999999999999593686, 7099999999999999999999999999999999999999999999591293] | 7199999999999999999999999999999999999999999999588942
[6799999999999999999999999999999999999999999999598692, 6899999999999999999999999999999999999999999999596175, 6999999999999999999999999999999999999999999999593686, 7099999999999999999999999999999999999999999999591293, 7199999999999999999999999999999999999999999999588942] | 7299999999999999999999999999999999999999999999586701
[6899999999999999999999999999999999999999999999596175, 6999999999999999999999999999999999999999999999593686, 7099999999999999999999999999999999999999999999591293, 7199999999999999999999999999999999999999999999588942, 7299999999999999999999999999999999999999999999586701] | 7399999999999999999999999999999999999999999999584524
[6999999999999999999999999999999999999999999999593686, 7099999999999999999999999999999999999999999999591293, 7199999999999999999999999999999999999999999999588942, 7299999999999999999999999999999999999999999999586701, 7399999999999999999999999999999999999999999999584524] | 7499999999999999999999999999999999999999999999582431
[7099999999999999999999999999999999999999999999591293, 7199999999999999999999999999999999999999999999588942, 7299999999999999999999999999999999999999999999586701, 7399999999999999999999999999999999999999999999584524, 7499999999999999999999999999999999999999999999582431] | 7599999999999999999999999999999999999999999999580442
[7199999999999999999999999999999999999999999999588942, 7299999999999999999999999999999999999999999999586701, 7399999999999999999999999999999999999999999999584524, 7499999999999999999999999999999999999999999999582431, 7599999999999999999999999999999999999999999999580442] | 7699999999999999999999999999999999999999999999578463
[7299999999999999999999999999999999999999999999586701, 7399999999999999999999999999999999999999999999584524, 7499999999999999999999999999999999999999999999582431, 7599999999999999999999999999999999999999999999580442, 7699999999999999999999999999999999999999999999578463] | 7799999999999999999999999999999999999999999999576562
[7399999999999999999999999999999999999999999999584524, 7499999999999999999999999999999999999999999999582431, 7599999999999999999999999999999999999999999999580442, 7699999999999999999999999999999999999999999999578463, 7799999999999999999999999999999999999999999999576562] | 7899999999999999999999999999999999999999999999574753
[7499999999999999999999999999999999999999999999582431, 7599999999999999999999999999999999999999999999580442, 7699999999999999999999999999999999999999999999578463, 7799999999999999999999999999999999999999999999576562, 7899999999999999999999999999999999999999999999574753] | 7999999999999999999999999999999999999999999999573034
[7599999999999999999999999999999999999999999999580442, 7699999999999999999999999999999999999999999999578463, 7799999999999999999999999999999999999999999999576562, 7899999999999999999999999999999999999999999999574753, 7999999999999999999999999999999999999999999999573034] | 8099999999999999999999999999999999999999999999571375
[7699999999999999999999999999999999999999999999578463, 7799999999999999999999999999999999999999999999576562, 7899999999999999999999999999999999999999999999574753, 7999999999999999999999999999999999999999999999573034, 8099999999999999999999999999999999999999999999571375] | 8199999999999999999999999999999999999999999999569752
[7799999999999999999999999999999999999999999999576562, 7899999999999999999999999999999999999999999999574753, 7999999999999999999999999999999999999999999999573034, 8099999999999999999999999999999999999999999999571375, 8199999999999999999999999999999999999999999999569752] | 8299999999999999999999999999999999999999999999568355
[7899999999999999999999999999999999999999999999574753, 7999999999999999999999999999999999999999999999573034, 8099999999999999999999999999999999999999999999571375, 8199999999999999999999999999999999999999999999569752, 8299999999999999999999999999999999999999999999568355] | 8399999999999999999999999999999999999999999999566976
[7999999999999999999999999999999999999999999999573034, 8099999999999999999999999999999999999999999999571375, 8199999999999999999999999999999999999999999999569752, 8299999999999999999999999999999999999999999999568355, 8399999999999999999999999999999999999999999999566976] | 8499999999999999999999999999999999999999999999565723
[8099999999999999999999999999999999999999999999571375, 8199999999999999999999999999999999999999999999569752, 8299999999999999999999999999999999999999999999568355, 8399999999999999999999999999999999999999999999566976, 8499999999999999999999999999999999999999999999565723] | 8599999999999999999999999999999999999999999999564602
[8199999999999999999999999999999999999999999999569752, 8299999999999999999999999999999999999999999999568355, 8399999999999999999999999999999999999999999999566976, 8499999999999999999999999999999999999999999999565723, 8599999999999999999999999999999999999999999999564602] | 8699999999999999999999999999999999999999999999563621
[8299999999999999999999999999999999999999999999568355, 8399999999999999999999999999999999999999999999566976, 8499999999999999999999999999999999999999999999565723, 8599999999999999999999999999999999999999999999564602, 8699999999999999999999999999999999999999999999563621] | 8799999999999999999999999999999999999999999999562808
[8399999999999999999999999999999999999999999999566976, 8499999999999999999999999999999999999999999999565723, 8599999999999999999999999999999999999999999999564602, 8699999999999999999999999999999999999999999999563621, 8799999999999999999999999999999999999999999999562808] | 8899999999999999999999999999999999999999999999562077
[8499999999999999999999999999999999999999999999565723, 8599999999999999999999999999999999999999999999564602, 8699999999999999999999999999999999999999999999563621, 8799999999999999999999999999999999999999999999562808, 8899999999999999999999999999999999999999999999562077] | 8999999999999999999999999999999999999999999999561694
[8599999999999999999999999999999999999999999999564602, 8699999999999999999999999999999999999999999999563621, 8799999999999999999999999999999999999999999999562808, 8899999999999999999999999999999999999999999999562077, 8999999999999999999999999999999999999999999999561694] | 9099999999999999999999999999999999999999999999561323
[8699999999999999999999999999999999999999999999563621, 8799999999999999999999999999999999999999999999562808, 8899999999999999999999999999999999999999999999562077, 8999999999999999999999999999999999999999999999561694, 9099999999999999999999999999999999999999999999561323] | 9199999999999999999999999999999999999999999999560990
[8799999999999999999999999999999999999999999999562808, 8899999999999999999999999999999999999999999999562077, 8999999999999999999999999999999999999999999999561694, 9099999999999999999999999999999999999999999999561323, 9199999999999999999999999999999999999999999999560990] | 9299999999999999999999999999999999999999999999560829
[8899999999999999999999999999999999999999999999562077, 8999999999999999999999999999999999999999999999561694, 9099999999999999999999999999999999999999999999561323, 9199999999999999999999999999999999999999999999560990, 9299999999999999999999999999999999999999999999560829] | 9399999999999999999999999999999999999999999999560772