2
3
5
7
11
13
17
19
23
29
31
37
41
43
47
53
59
61
67
71
73
79
83
89
97
101
103
107
109
113
127
131
137
139
149
151
157
163
167
173
179
181
191
193
197
199
211
223
227
229
233
239
241
251
257
263
269
271
277
281
283
293
307
311
313
317
331
337
347
349
353
359
367
373
379
383
389
397
401
409
419
421
431
433
439
443
449
457
461
463
467
479
487
491
499
503
509
521
523
541
547
557
563
569
571
577
587
593
599
601
607
613
617
619
631
641
643
647
653
659
661
673
677
683
691
701
709
719
727
733
739
743
751
757
761
769
773
787
797
809
811
821
823
827
829
839
853
857
859
863
877
881
883
887
907
911
919
929
937
941
947
953
967
971
977
983
991
997
1009
1013
1019
1021
1031
1033
1039
1049
1051
1061
1063
1069
1087
1091
1093
1097
1103
1109
1117
1123
1129
1151
1153
1163
1171
1181
1187
1193
1201
1213
1217
1223
1229
1231
1237
1249
1259
1277
1279
1283
1289
1291
1297
1301
1303
1307
1319
1321
1327
1361
1367
1373
1381
1399
1409
1423
1427
1429
1433
1439
1447
1451
1453
1459
1471
1481
1483
1487
1489
1493
1499
1511
1523
1531
1543
1549
1553
1559
1567
1571
1579
1583
1597
1601
1607
1609
1613
1619
1621
1627
1637
1657
1663
1667
1669
1693
1697
1699
1709
1721
1723
1733
1741
1747
1753
1759
1777
1783
1787
1789
1801
1811
1823
1831
1847
1861
1867
1871
1873
1877
1879
1889
1901
1907
1913
1931
1933
1949
1951
1973
1979
1987
1993
1997
1999
2003
2011
2017
2027
2029
2039
2053
2063
2069
2081
2083
2087
2089
2099
2111
2113
2129
2131
2137
2141
2143
2153
2161
2179
2203
2207
2213
2221
2237
2239
2243
2251
2267
2269
2273
2281
2287
2293
2297
2309
2311
2333
2339
2341
2347
2351
2357
2371
2377
2381
2383
2389
2393
2399
2411
2417
2423
2437
2441
2447
2459
2467
2473
2477
2503
2521
2531
2539
2543
2549
2551
2557
2579
2591
2593
2609
2617
2621
2633
2647
2657
2659
2663
2671
2677
2683
2687
2689
2693
2699
2707
2711
2713
2719
2729
2731
2741
2749
2753
2767
2777
2789
2791
2797
2801
2803
2819
2833
2837
2843
2851
2857
2861
2879
2887
2897
2903
2909
2917
2927
2939
2953
2957
2963
2969
2971
2999
3001
3011
3019
3023
3037
3041
3049
3061
3067
3079
3083
3089
3109
3119
3121
3137
3163
3167
3169
3181
3187
3191
3203
3209
3217
3221
3229
3251
3253
3257
3259
3271
3299
3301
3307
3313
3319
3323
3329
3331
3343
3347
3359
3361
3371
3373
3389
3391
3407
3413
3433
3449
3457
3461
3463
3467
3469
3491
3499
3511
3517
3527
3529
3533
3539
3541
3547
3557
3559
3571
3581
3583
3593
3607
3613
3617
3623
3631
3637
3643
3659
3671
3673
3677
3691
3697
3701
3709
3719
3727
3733
3739
3761
3767
3769
3779
3793
3797
3803
3821
3823
3833
3847
3851
3853
3863
3877
3881
3889
3907
3911
3917
3919
3923
3929
3931
3943
3947
3967
3989
4001
4003
4007
4013
4019
4021
4027
4049
4051
4057
4073
4079
4091
4093
4099
4111
4127
4129
4133
4139
4153
4157
4159
4177
4201
4211
4217
4219
4229
4231
4241
4243
4253
4259
4261
4271
4273
4283
4289
4297
4327
4337
4339
4349
4357
9157
9161
9173
9181
9187
9199
9203
9209
9221
9227
9239
9241
9257
9277
9281
9283
9293
9311
9319
9323
9337
9341
9343
9349
9371
9377
9391
9397
9403
9413
9419
9421
9431
9433
9437
9439
9461
9463
9467
9473
9479
9491
9497
9511
9521
9533
9539
9547
9551
9587
9601
9613
9619
9623
9629
9631
9643
9649
9661
9677
9679
9689
9697
9719
9721
9733
9739
9743
9749
9767
9769
9781
9787
9791
9803
9811
9817
9829
9833
9839
9851
9857
9859
9871
9883
9887
9901
9907
9923
9929
9931
9941
9949
9967
9973
10007
10009
10037
10039
10061
10067
10069
10079
10091
10093
10099
10103
10111
10133
10139
10141
10151
10159
10163
10169
10177
10181
10193
10211
10223
10243
10247
10253
10259
10267
10271
10273
10289
10301
10303
10313
10321
10331
10333
10337
10343
10357
10369
10391
10399
10427
10429
10433
10453
10457
10459
10463
10477
10487
10499
10501
10513
10529
10531
10559
10567
10589
10597
10601
10607
10613
10627
10631
10639
10651
10657
10663
10667
10687
10691
10709
10711
10723
10729
10733
10739
10753
10771
10781
10789
10799
10831
10837
10847
10853
10859
10861
10867
10883
10889
10891
10903
10909
10937
10939
10949
10957
10973
10979
10987
10993
11003
11027
11047
11057
11059
11069
11071
11083
11087
11093
11113
11117
11119
11131
11149
11159
11161
11171
11173
11177
11197
11213
11239
11243
11251
11257
11261
11273
11279
11287
11299
11311
11317
11321
11329
11351
11353
11369
11383
11393
11399
11411
11423
11437
11443
11447
11467
11471
11483
11489
11491
11497
11503
11519
11527
11549
11551
11579
11587
11593
11597
11617
11621
11633
11657
11677
11681
11689
11699
11701
11717
11719
11731
11743
11777
11779
11783
11789
11801
11807
11813
11821
11827
11831
11833
11839
11863
11867
11887
11897
11903
11909
11923
11927
11933
11939
11941
11953
11959
11969
11971
11981
11987
12007
12011
12037
12041
12043
12049
12071
12073
12097
12101
12107
12109
12113
12119
12143
12149
12157
12161
12163
12197
12203
12211
12227
12239
12241
12251
12253
12263
12269
12277
12281
12289
12301
12323
12329
12343
12347
12373
12377
12379
12391
12401
12409
12413
12421
12433
12437
12451
12457
12473
12479
12487
12491
12497
12503
12511
12517
12527
12539
12541
12547
12553
12569
12577
12583
12589
12601
12611
12613
12619
12637
12641
12647
12653
12659
12671
12689
12697
12703
12713
12721
12739
12743
12757
12763
12781
12791
12799
12809
12821
12823
12829
12841
12853
12889
12893
12899
12907
12911
12917
12919
12923
12941
12953
12959
12967
12973
12979
12983
13001
13003
13007
13009
13033
13037
13043
13049
13063
13093
13099
13103
13109
13121
13127
13147
13151
13159
13163
13171
13177
13183
13187
13217
13219
13229
13241
13249
13259
13267
13291
13297
13309
13313
13327
13331
13337
13339
13367
13381
13397
13399
13411
13417
13421
13441
13451
13457
13463
13469
13477
13487
13499
13513
13523
13537
13553
13567
13577
13591
13597
13613
13619
13627
13633
13649
13669
13679
13681
13687
13691
13693
13697
13709
13711
13721
13723
13729
13751
13757
13759
13763
13781
13789
13799
13807
13829
13831
13841
13859
13873
13877
13879
13883
13901
13903
13907
13913
13921
13931
13933
13963
13967
13997
13999
14009
14011
14029
14033
14051
14057
14071
14081
14083
14087
14107
14143
14149
14153
14159
14173
14177
14197
14207
14221
14243
14249
14251
14281
14293
14303
14321
14323
14327
14341
14347
14369
14387
14389
14401
14407
14411
14419
14423
14431
14437
14447
14449
14461
14479
14489
14503
14519
14533
14537
14543
14549
14551
14557
14561
14563
14591
14593
14621
14627
14629
14633
14639
14653
14657
14669
14683
14699
14713
14717
14723
14731
14737
14741
14747
14753
98929
98939
98947
98953
98963
98981
98993
98999
99013
99017
99023
99041
99053
99079
99083
99089
99103
99109
99119
99131
99133
99137
99139
99149
99173
99181
99191
99223
99233
99241
99251
99257
99259
99277
99289
99317
99347
99349
99367
99371
99377
99391
99397
99401
99409
99431
99439
99469
99487
99497
99523
99527
99529
99551
99559
99563
99571
99577
99581
99607
99611
99623
99643
99661
99667
99679
99689
99707
99709
99713
99719
99721
99733
99761
99767
99787
99793
99809
99817
99823
99829
99833
99839
99859
99871
99877
99881
99901
99907
99923
99929
99961
99971
99989
99991
100003
100019
100043
100049
100057
100069
100103
100109
100129
100151
100153
100169
100183
100189
100193
100207
100213
100237
100267
100271
100279
100291
100297
100313
100333
100343
100357
100361
100363
100379
100391
100393
100403
100411
100417
100447
100459
100469
100483
100493
100501
100511
100517
100519
100523
100537
100547
100549
100559
100591
100609
100613
100621
100649
100669
100673
100693
100699
100703
100733
100741
100747
100769
100787
100799
100801
100811
100823
100829
100847
100853
100907
100913
100927
100931
100937
100943
100957
100981
100987
100999
101009
101021
101027
101051
101063
101081
101089
101107
101111
101113
101117
101119
101141
101149
101159
101161
101173
101183
101197
101203
101207
101209
101221
101267
101273
101279
101281
101287
101293
101323
101333
101341
101347
101359
101363
101377
101383
101399
101411
101419
101429
101449
101467
101477
101483
101489
101501
101503
101513
101527
101531
101533
101537
101561
101573
101581
101599
101603
101611
101627
101641
101653
101663
101681
101693
101701
101719
101723
101737
101741
101747
101749
101771
101789
101797
101807
101833
101837
101839
101863
101869
101873
101879
101891
101917
101921
101929
101939
101957
101963
101977
101987
101999
102001
102013
102019
102023
102031
102043
102059
102061
102071
102077
102079
102101
102103
102107
102121
102139
102149
102161
102181
102191
102197
102199
102203
102217
102229
102233
102241
102251
102253
102259
102293
102299
102301
102317
102329
102337
102359
102367
102397
102407
102409
102433
102437
102451
102461
102481
102497
102499
102503
102523
102533
102539
102547
102551
102559
102563
102587
102593
102607
102611
102643
102647
102653
102667
102673
102677
102679
102701
102761
102763
102769
102793
102797
102811
102829
102841
102859
102871
102877
102881
102911
102913
102929
102931
102953
102967
102983
103001
103007
103043
103049
103067
103069
103079
103087
103091
103093
103099
103123
103141
103171
103177
103183
103217
103231
103237
103289
103291
103307
103319
103333
103349
103357
103387
103391
103393
103399
103409
103421
103423
103451
103457
103471
103483
103511
103529
103549
103553
103561
103567
103573
103577
103583
103591
103613
103619
103643
103651
103657
103669
103681
103687
103699
103703
103723
103769
103787
103801
103811
103813
103837
103841
103843
103867
103889
103903
103913
103919
103951
103963
103967
103969
103979
103981
103991
103993
103997
104003
104009
104021
104033
104047
104053
104059
104087
104089
104107
104113
104119
104123
104147
104149
104161
104173
104179
104183
104207
104231
104233
104239
104243
104281
104287
104297
104309
104311
104323
104327
104347
104369
104381
104383
104393
104399
104417
104459
104471
104473
104479
104491
104513
104527
104537
104543
104549
104551
104561
104579
104593
104597
104623
104639
104651
104659
104677
104681
104683
104693
104701
104707
104711
104717
104723
104729
104743
104759
104761
104773
104779
104789
104801
104803
104827
104831
104849
104851
104869
104879
104891
104911
104917
104933
104947
104953
104959
104971
104987
104999
105019
105023
105031
105037
105071
105097
105107
105137
105143
105167
105173
105199
105211
105227
105229
105239
105251
105253
105263
105269
105277
105319
105323
105331
105337
105341
105359
105361
105367
105373
105379
105389
105397
105401
105407
105437
105449
105467
105491
105499
105503
105509
105517
105527
105529
105533
105541
105557
105563
105601
105607
105613
105619
105649
105653
105667
105673
105683
105691
105701
105727
105733
105751
105761
105767
105769
105817
105829
999998081
999998107
999998119
999998137
999998141
999998143
999998147
999998173
999998183
999998203
999998243
999998261
999998269
999998309
999998339
999998369
999998423
999998459
999998501
999998507
999998509
999998533
999998537
999998563
999998609
999998617
999998621
999998627
999998639
999998641
999998653
999998663
999998683
999998687
999998689
999998693
999998777
999998789
999998801
999998843
999998863
999998869
999998903
999998917
999998921
999998929
999998957
999998959
999998971
999998981
999999001
999999017
999999029
999999043
999999059
999999067
999999103
999999107
999999113
999999131
999999137
999999151
999999163
999999181
999999191
999999193
999999197
999999223
999999229
999999323
999999337
999999353
999999391
999999433
999999487
999999491
999999503
999999527
999999541
999999587
999999599
999999607
999999613
999999667
999999677
999999733
999999739
999999751
999999757
999999761
999999797
999999883
999999893
999999929
999999937
1000000007
1000000009
1000000021
1000000033
1000000087
1000000093
1000000097
1000000103
1000000123
1000000181
1000000207
1000000223
1000000241
1000000271
1000000289
1000000297
1000000321
1000000349
1000000363
1000000403
1000000409
1000000411
1000000427
1000000433
1000000439
1000000447
1000000453
1000000459
1000000483
1000000513
1000000531
1000000579
1000000607
1000000613
1000000637
1000000663
1000000711
1000000753
1000000787
1000000801
1000000829
1000000861
1000000871
1000000891
1000000901
1000000919
1000000931
1000000933
1000000993
1000001011
1000001021
1000001053
1000001087
1000001099
1000001137
1000001161
1000001203
1000001213
1000001237
1000001263
1000001269
1000001273
1000001279
1000001311
1000001329
1000001333
1000001351
1000001371
1000001393
1000001413
1000001447
1000001449
1000001491
1000001501
1000001531
1000001537
1000001539
1000001581
1000001617
1000001621
1000001633
1000001647
1000001663
1000001677
1000001699
1000001759
1000001773
1000001789
1000001791
1000001801
1000001803
1000001819
1000001857
1000001887
1000001917
1000001927
1000001957
1000001963
1000001969
1000002043
1000002089
1000002103
1000002139
1000002149
1000002161
1000002173
1000002187
1000002193
1000002233
1000002239
1000002277
1000002307
1000002359
1000002361
1000002431
1000002449
1000002457
1000002499
1000002571
1000002581
1000002607
1000002631
1000002637
1000002649
1000002667
1000002727
1000002791
1000002803
1000002821
1000002823
1000002827
1000002907
1000002937
1000002989
1000003009
1000003013
1000003051
1000003057
1000003097
1000003111
1000003133
1000003153
1000003157
1000003163
1000003211
1000003241
1000003247
1000003253
1000003267
1000003271
1000003273
1000003283
1000003309
1000003337
1000003351
1000003357
1000003373
1000003379
1000003397
1000003469
1000003471
1000003513
1000003519
1000003559
1000003577
1000003579
1000003601
1000003621
1000003643
1000003651
1000003663
1000003679
1000003709
1000003747
1000003751
1000003769
1000003777
1000003787
1000003793
1000003843
1000003853
1000003871
1000003889
1000003891
1000003909
1000003919
1000003931
1000003951
1000003957
1000003967
1000003987
1000003999
1000004023
1000004059
1000004099
1000004119
1000004123
1000004207
1000004233
1000004249
1000004251
1000004263
1000004321
1000004329
1000004381
1000004389
1000004437
1000004449
1000004459
1000004497
1000004507
1000004519
1000004539
1000004567
1000004569
1000004581
1000004609
1000004611
1000004627
1000004633
1000004647
1000004693
1000004699
1000004717
1000004771
1000004777
1000004783
1000004791
1000004807
1000004839
1000004843
1000004849
1000004857
1000004867
1000004869
1000004891
1000004893
1000004897
1000004927
1000004933
1000004977
1000004981
1000005001
1000005029
1000005053
1000005067
1000005103
1000005133
1000005187
1000005197
1000005203
1000005233
1000005277
1000005287
1000005299
1000005317
1000005329
1000005341
1000005353
1000005361
1000005403
1000005407
1000005437
1000005443
1000005449
1000005451
1000005469
1000005491
1000005527
1000005541
1000005547
1000005583
1000005631
1000005647
1000005683
1000005731
1000005737
1000005751
1000005763
1000005791
1000005823
1000005827
1000005833
1000005847
1000005863
1000005899
1000005907
1000005947
1000005953
1000005959
1000005971
1000005973
1000005991
1000005997
1000006019
1000006027
1000006037
1000006039
1000006061
1000006093
1000006099
1000006127
1000006129
1000006177
1000006193
1000006211
1000006223
1000006229
1000006307
1000006313
1000006331
1000006349
1000006379
1000006393
1000006417
1000006421
1000006457
1000006459
1000006477
1000006541
1000006571
1000006577
1000006583
1000006607
1000006621
1000006661
1000006663
1000006697
1000006717
1000006751
1000006781
1000006837
1000006867
1000006901
1000006957
1000006961
1000006967
1000006981
1000007003
1000007023
1000007027
1000007089
1000007117
1000007137
1000007147
1000007159
1000007191
1000007209
1000007237
1000007243
1000007257
1000007279
1000007321
1000007347
1000007383
1000007389
1000007417
1000007429
1000007447
1000007453
1000007467
1000007479
1000007497
1000007513
1000007521
1000007531
1000007537
1000007557
1000007633
1000007647
1000007651
1000007653
1000007681
1000007707
1000007719
1000007741
1000007759
1000007773
1000007803
1000007819
1000007837
1000007873
1000007887
1000007909
1000007923
1000007927
1000007929
1000007941
1000008041
1000008083
1000008089
1000008101
1000008109
1000008127
1000008173
1000008181
1000008223
1000008257
1000008259
1000008271
1000008277
1000008311
1000008313
1000008343
1000008349
1000008397
1000008403
1000008419
1000008431
1000008439
1000008487
1000008511
1000008557
1000008593
1000008617
1000008637
1000008649
1000008661
1000008671
1000008679
1000008719
1000008727
1000008761
1000008773
1000008791
1000008797
1000008803
1000008811
1000008829
1000008853
1000008899
1000008917
1000008937
1000008967
1000009009
1000009013
1000009063
1000009081
1000009093
1000009099
1000009123
1000009133
1000009163
1000009183
1000009211
1000009223
1000009259
1000009277
1000009279
1000009289
1000009301
1000009321
1000009331
1000009363
1000009399
1000009403
1000009421
1000009441
1000009457
1000009469
1000009487
1000009519
1000009529
1000009531
1000009541
1000009559
1000009561
1000009567
1000009573
1000009579
1000009597
1000009601
1000009609
1000009631
1000009651
1000009667
1000009679
1000009711
1000009733
1000009739
1000009757
1000009789
1000009831
1000009859
1000009867
1000009961
1000009999
1000010029
1000010051
1000010069
1000010101
1000010153
1000010173
1000010189
1000010197
1000010233
1000010243
1000010251
1000010267
1000010281
99999999999999999999999999999993391
99999999999999999999999999999993397
99999999999999999999999999999993547
99999999999999999999999999999993617
99999999999999999999999999999993641
99999999999999999999999999999993703
99999999999999999999999999999993851
99999999999999999999999999999993859
99999999999999999999999999999993967
99999999999999999999999999999993997
99999999999999999999999999999994021
99999999999999999999999999999994049
99999999999999999999999999999994079
99999999999999999999999999999994123
99999999999999999999999999999994219
99999999999999999999999999999994249
99999999999999999999999999999994337
99999999999999999999999999999994477
99999999999999999999999999999994651
99999999999999999999999999999994691
99999999999999999999999999999994769
99999999999999999999999999999994799
99999999999999999999999999999994949
99999999999999999999999999999994987
99999999999999999999999999999995021
99999999999999999999999999999995047
99999999999999999999999999999995129
99999999999999999999999999999995167
99999999999999999999999999999995177
99999999999999999999999999999995203
99999999999999999999999999999995297
99999999999999999999999999999995399
99999999999999999999999999999995429
99999999999999999999999999999995441
99999999999999999999999999999995687
99999999999999999999999999999995929
99999999999999999999999999999995987
99999999999999999999999999999995993
99999999999999999999999999999996011
99999999999999999999999999999996077
99999999999999999999999999999996181
99999999999999999999999999999996211
99999999999999999999999999999996337
99999999999999999999999999999996721
99999999999999999999999999999996881
99999999999999999999999999999996947
99999999999999999999999999999996983
99999999999999999999999999999996989
99999999999999999999999999999997021
99999999999999999999999999999997043
99999999999999999999999999999997049
99999999999999999999999999999997303
99999999999999999999999999999997393
99999999999999999999999999999997439
99999999999999999999999999999997511
99999999999999999999999999999997543
99999999999999999999999999999997631
99999999999999999999999999999997637
99999999999999999999999999999997651
99999999999999999999999999999997667
99999999999999999999999999999997751
99999999999999999999999999999997817
99999999999999999999999999999997843
99999999999999999999999999999997883
99999999999999999999999999999998071
99999999999999999999999999999998227
99999999999999999999999999999998251
99999999999999999999999999999998279
99999999999999999999999999999998317
99999999999999999999999999999998321
99999999999999999999999999999998333
99999999999999999999999999999998377
99999999999999999999999999999998401
99999999999999999999999999999998587
99999999999999999999999999999998597
99999999999999999999999999999998737
99999999999999999999999999999998741
99999999999999999999999999999998759
99999999999999999999999999999998869
99999999999999999999999999999998897
99999999999999999999999999999998911
99999999999999999999999999999999059
99999999999999999999999999999999103
99999999999999999999999999999999259
99999999999999999999999999999999311
99999999999999999999999999999999313
99999999999999999999999999999999377
99999999999999999999999999999999443
99999999999999999999999999999999467
99999999999999999999999999999999469
99999999999999999999999999999999613
99999999999999999999999999999999667
99999999999999999999999999999999679
99999999999999999999999999999999763
99999999999999999999999999999999977
100000000000000000000000000000000069
100000000000000000000000000000000103
100000000000000000000000000000000117
100000000000000000000000000000000301
100000000000000000000000000000000357
100000000000000000000000000000000417
100000000000000000000000000000000453
100000000000000000000000000000000673
100000000000000000000000000000000747
100000000000000000000000000000000799
100000000000000000000000000000000931
100000000000000000000000000000000957
100000000000000000000000000000000963
100000000000000000000000000000000981
100000000000000000000000000000001033
100000000000000000000000000000001161
100000000000000000000000000000001243
100000000000000000000000000000001333
100000000000000000000000000000001399
100000000000000000000000000000001531
100000000000000000000000000000001627
100000000000000000000000000000001809
100000000000000000000000000000001833
100000000000000000000000000000001939
100000000000000000000000000000001957
100000000000000000000000000000002007
100000000000000000000000000000002173
100000000000000000000000000000002293
100000000000000000000000000000002317
100000000000000000000000000000002493
100000000000000000000000000000002833
100000000000000000000000000000002857
100000000000000000000000000000002979
100000000000000000000000000000003043
100000000000000000000000000000003069
100000000000000000000000000000003073
100000000000000000000000000000003153
100000000000000000000000000000003157
100000000000000000000000000000003163
100000000000000000000000000000003217
100000000000000000000000000000003351
100000000000000000000000000000003427
100000000000000000000000000000003687
100000000000000000000000000000003717
100000000000000000000000000000003739
100000000000000000000000000000003787
100000000000000000000000000000003993
100000000000000000000000000000004011
100000000000000000000000000000004527
100000000000000000000000000000004857
100000000000000000000000000000004879
100000000000000000000000000000004927
100000000000000000000000000000004939
100000000000000000000000000000004947
100000000000000000000000000000005011
100000000000000000000000000000005047
100000000000000000000000000000005097
100000000000000000000000000000005221
100000000000000000000000000000005269
100000000000000000000000000000005293
100000000000000000000000000000005517
100000000000000000000000000000005533
100000000000000000000000000000005559
100000000000000000000000000000005577
100000000000000000000000000000005631
100000000000000000000000000000005737
100000000000000000000000000000005943
100000000000000000000000000000006003
100000000000000000000000000000006013
100000000000000000000000000000006289
100000000000000000000000000000006441
100000000000000000000000000000006489
100000000000000000000000000000006681
100000000000000000000000000000006751
100000000000000000000000000000006759
100000000000000000000000000000006849
100000000000000000000000000000006879
100000000000000000000000000000006903
100000000000000000000000000000006907
100000000000000000000000000000006921
100000000000000000000000000000006961
100000000000000000000000000000007087
100000000000000000000000000000007171
100000000000000000000000000000007267
100000000000000000000000000000007311
100000000000000000000000000000007641
100000000000000000000000000000007677
100000000000000000000000000000007803
100000000000000000000000000000007819
100000000000000000000000000000007831
100000000000000000000000000000007909
100000000000000000000000000000008047
100000000000000000000000000000008233
100000000000000000000000000000008337
100000000000000000000000000000008341
100000000000000000000000000000008389
100000000000000000000000000000008419
100000000000000000000000000000008421
100000000000000000000000000000008481
100000000000000000000000000000008533
100000000000000000000000000000008553
100000000000000000000000000000009007
100000000000000000000000000000009391
100000000000000000000000000000009463
100000000000000000000000000000009561
100000000000000000000000000000009643
100000000000000000000000000000009687
100000000000000000000000000000009799
100000000000000000000000000000009919
100000000000000000000000000000010029
100000000000000000000000000000010053
100000000000000000000000000000010261
100000000000000000000000000000010317
100000000000000000000000000000010447
100000000000000000000000000000010497
100000000000000000000000000000010587
100000000000000000000000000000010609
100000000000000000000000000000010783
100000000000000000000000000000010921
100000000000000000000000000000010977
100000000000000000000000000000011029
100000000000000000000000000000011127
100000000000000000000000000000011173
100000000000000000000000000000011289
100000000000000000000000000000011299
100000000000000000000000000000011317
100000000000000000000000000000011509
100000000000000000000000000000011599
100000000000000000000000000000011751
100000000000000000000000000000011779
100000000000000000000000000000011833
100000000000000000000000000000011983
100000000000000000000000000000012097
100000000000000000000000000000012103
100000000000000000000000000000012117
100000000000000000000000000000012199
100000000000000000000000000000012309
100000000000000000000000000000012351
100000000000000000000000000000012361
100000000000000000000000000000012363
100000000000000000000000000000012417
100000000000000000000000000000012471
100000000000000000000000000000012559
100000000000000000000000000000012603
100000000000000000000000000000012691
100000000000000000000000000000012757
100000000000000000000000000000013023
100000000000000000000000000000013143
100000000000000000000000000000013231
100000000000000000000000000000013357
100000000000000000000000000000013459
100000000000000000000000000000013539
100000000000000000000000000000013639
100000000000000000000000000000013759
100000000000000000000000000000013779
100000000000000000000000000000013809
100000000000000000000000000000013881
100000000000000000000000000000014047
100000000000000000000000000000014073
100000000000000000000000000000014097
100000000000000000000000000000014109
100000000000000000000000000000014241
100000000000000000000000000000014277
100000000000000000000000000000014319
100000000000000000000000000000014371
100000000000000000000000000000014397
100000000000000000000000000000014409
100000000000000000000000000000014473
100000000000000000000000000000014509
100000000000000000000000000000014553
100000000000000000000000000000014701
100000000000000000000000000000014721
100000000000000000000000000000014749
100000000000000000000000000000014791
100000000000000000000000000000015007
100000000000000000000000000000015009
100000000000000000000000000000015039
100000000000000000000000000000015061
100000000000000000000000000000015069
100000000000000000000000000000015189
100000000000000000000000000000015327
100000000000000000000000000000015363
100000000000000000000000000000015457
100000000000000000000000000000015663
100000000000000000000000000000015679
100000000000000000000000000000015769
100000000000000000000000000000015771
100000000000000000000000000000015781
100000000000000000000000000000015873
100000000000000000000000000000015937
100000000000000000000000000000016197
100000000000000000000000000000016203
100000000000000000000000000000016231
100000000000000000000000000000016239
100000000000000000000000000000016383
100000000000000000000000000000016639
100000000000000000000000000000016659
100000000000000000000000000000016671
100000000000000000000000000000016713
100000000000000000000000000000016791
100000000000000000000000000000016797
100000000000000000000000000000016819
100000000000000000000000000000016899
100000000000000000000000000000016917
100000000000000000000000000000016929
100000000000000000000000000000016993
100000000000000000000000000000017127
100000000000000000000000000000017133
100000000000000000000000000000017217
100000000000000000000000000000017263
100000000000000000000000000000017287
100000000000000000000000000000017389
100000000000000000000000000000017437
100000000000000000000000000000017493
100000000000000000000000000000017571
100000000000000000000000000000017577
100000000000000000000000000000017679
100000000000000000000000000000017721
100000000000000000000000000000017937
100000000000000000000000000000017977
100000000000000000000000000000018117
100000000000000000000000000000018277
100000000000000000000000000000018301
100000000000000000000000000000018343
100000000000000000000000000000018501
100000000000000000000000000000018933
100000000000000000000000000000018957
100000000000000000000000000000019159
100000000000000000000000000000019191
100000000000000000000000000000019233
100000000000000000000000000000019377
100000000000000000000000000000019641
100000000000000000000000000000019711
100000000000000000000000000000019747
100000000000000000000000000000019767
100000000000000000000000000000019773
100000000000000000000000000000019881
100000000000000000000000000000019923
100000000000000000000000000000019947
100000000000000000000000000000019981
100000000000000000000000000000020037
100000000000000000000000000000020173
100000000000000000000000000000020221
100000000000000000000000000000020229
100000000000000000000000000000020359
100000000000000000000000000000020557
100000000000000000000000000000020677
100000000000000000000000000000020751
100000000000000000000000000000020833
100000000000000000000000000000020949
100000000000000000000000000000021039
100000000000000000000000000000021111
100000000000000000000000000000021141
100000000000000000000000000000021181
100000000000000000000000000000021201
100000000000000000000000000000021309
100000000000000000000000000000021403
100000000000000000000000000000021439
100000000000000000000000000000021481
100000000000000000000000000000021529
100000000000000000000000000000021669
100000000000000000000000000000021691
100000000000000000000000000000021717
100000000000000000000000000000021739
100000000000000000000000000000021903
100000000000000000000000000000021909
100000000000000000000000000000021939
100000000000000000000000000000022033
100000000000000000000000000000022071
100000000000000000000000000000022093
100000000000000000000000000000022123
100000000000000000000000000000022147
100000000000000000000000000000022257
100000000000000000000000000000022401
100000000000000000000000000000022431
100000000000000000000000000000022557
100000000000000000000000000000022623
100000000000000000000000000000022809
100000000000000000000000000000022999
100000000000000000000000000000023047
100000000000000000000000000000023103
100000000000000000000000000000023113
100000000000000000000000000000023229
100000000000000000000000000000023379
100000000000000000000000000000023437
100000000000000000000000000000023493
100000000000000000000000000000023509
100000000000000000000000000000023527
100000000000000000000000000000023559
100000000000000000000000000000023661
100000000000000000000000000000023709
100000000000000000000000000000023749
100000000000000000000000000000023793
100000000000000000000000000000023841
100000000000000000000000000000023883
100000000000000000000000000000023911
100000000000000000000000000000023967
100000000000000000000000000000024021
100000000000000000000000000000024231
100000000000000000000000000000024307
100000000000000000000000000000024321
100000000000000000000000000000024391
100000000000000000000000000000024417
100000000000000000000000000000024493
100000000000000000000000000000024673
100000000000000000000000000000024781
100000000000000000000000000000024783
100000000000000000000000000000024843
100000000000000000000000000000024877
100000000000000000000000000000024979
100000000000000000000000000000025051
100000000000000000000000000000025309
100000000000000000000000000000025311
100000000000000000000000000000025453
100000000000000000000000000000025507
100000000000000000000000000000025509
100000000000000000000000000000025557
100000000000000000000000000000025599
100000000000000000000000000000025633
100000000000000000000000000000025777
100000000000000000000000000000025821
100000000000000000000000000000025833
100000000000000000000000000000025861
100000000000000000000000000000025987
100000000000000000000000000000026307
100000000000000000000000000000026317
100000000000000000000000000000026331
100000000000000000000000000000026683
100000000000000000000000000000026743
100000000000000000000000000000026817
100000000000000000000000000000026989
100000000000000000000000000000027003
100000000000000000000000000000027037
100000000000000000000000000000027177
100000000000000000000000000000027297
100000000000000000000000000000027399
100000000000000000000000000000027403
100000000000000000000000000000027409
100000000000000000000000000000027579
100000000000000000000000000000027669
100000000000000000000000000000027819
100000000000000000000000000000027889
100000000000000000000000000000028197
100000000000000000000000000000028417
100000000000000000000000000000028543
100000000000000000000000000000028677
100000000000000000000000000000028771
100000000000000000000000000000028831
100000000000000000000000000000028881
100000000000000000000000000000028959
100000000000000000000000000000028993
100000000000000000000000000000029013
100000000000000000000000000000029023
100000000000000000000000000000029061
100000000000000000000000000000029067
100000000000000000000000000000029089
100000000000000000000000000000029097
100000000000000000000000000000029133
100000000000000000000000000000029203
100000000000000000000000000000029299
100000000000000000000000000000029341
100000000000000000000000000000029359
100000000000000000000000000000029457
100000000000000000000000000000029541
100000000000000000000000000000029841
100000000000000000000000000000029869
100000000000000000000000000000029887
100000000000000000000000000000030049
100000000000000000000000000000030061
100000000000000000000000000000030079
100000000000000000000000000000030087
100000000000000000000000000000030237
100000000000000000000000000000030357
100000000000000000000000000000030511
100000000000000000000000000000030583
100000000000000000000000000000030639
100000000000000000000000000000030661
100000000000000000000000000000030673
100000000000000000000000000000030703
100000000000000000000000000000030931
100000000000000000000000000000030957
100000000000000000000000000000030961
100000000000000000000000000000031029
100000000000000000000000000000031057
100000000000000000000000000000031143
100000000000000000000000000000031179
100000000000000000000000000000031321
100000000000000000000000000000031363
100000000000000000000000000000031393
100000000000000000000000000000031429
100000000000000000000000000000031501
100000000000000000000000000000031543
100000000000000000000000000000031563
100000000000000000000000000000031641
100000000000000000000000000000031647
100000000000000000000000000000031689
100000000000000000000000000000031717
100000000000000000000000000000031801
100000000000000000000000000000031819
100000000000000000000000000000031891
100000000000000000000000000000031903
100000000000000000000000000000031927
100000000000000000000000000000032079
100000000000000000000000000000032103
100000000000000000000000000000032137
100000000000000000000000000000032151
100000000000000000000000000000032163
100000000000000000000000000000032311
100000000000000000000000000000032313
100000000000000000000000000000032359
100000000000000000000000000000032421
100000000000000000000000000000032449
100000000000000000000000000000032479
100000000000000000000000000000032581
100000000000000000000000000000032761
100000000000000000000000000000032841
100000000000000000000000000000032877
100000000000000000000000000000032883
100000000000000000000000000000032971
100000000000000000000000000000033093
100000000000000000000000000000033193
100000000000000000000000000000033277
100000000000000000000000000000033351
100000000000000000000000000000033379
100000000000000000000000000000033487
100000000000000000000000000000033577
100000000000000000000000000000033621
100000000000000000000000000000033649
100000000000000000000000000000033741
100000000000000000000000000000033753
100000000000000000000000000000033781
100000000000000000000000000000033957
100000000000000000000000000000034021
100000000000000000000000000000034227
100000000000000000000000000000034417
100000000000000000000000000000034423
100000000000000000000000000000034443
100000000000000000000000000000034567
100000000000000000000000000000034753
100000000000000000000000000000034803
100000000000000000000000000000034951
100000000000000000000000000000035007
100000000000000000000000000000035089
100000000000000000000000000000035143
100000000000000000000000000000035199
100000000000000000000000000000035257
100000000000000000000000000000035419
100000000000000000000000000000035437
100000000000000000000000000000035613
100000000000000000000000000000035691
100000000000000000000000000000035929
100000000000000000000000000000035953
100000000000000000000000000000035983
100000000000000000000000000000036033
100000000000000000000000000000036057
100000000000000000000000000000036211
100000000000000000000000000000036261
100000000000000000000000000000036319
100000000000000000000000000000036321
100000000000000000000000000000036529
100000000000000000000000000000036579
100000000000000000000000000000036733
100000000000000000000000000000036811
100000000000000000000000000000036861
100000000000000000000000000000036897
100000000000000000000000000000036957
100000000000000000000000000000037047
100000000000000000000000000000037083
100000000000000000000000000000037177
100000000000000000000000000000037213
100000000000000000000000000000037251
100000000000000000000000000000037281
100000000000000000000000000000037329
100000000000000000000000000000037351
100000000000000000000000000000037377
100000000000000000000000000000037413
100000000000000000000000000000037587
100000000000000000000000000000037717
100000000000000000000000000000037747
100000000000000000000000000000037833
100000000000000000000000000000037923
100000000000000000000000000000038007
100000000000000000000000000000038013
100000000000000000000000000000038107
100000000000000000000000000000038133
100000000000000000000000000000038199
100000000000000000000000000000038217
100000000000000000000000000000038371
100000000000000000000000000000038407
100000000000000000000000000000038427
100000000000000000000000000000038521
100000000000000000000000000000038641
100000000000000000000000000000038659
100000000000000000000000000000038769
100000000000000000000000000000038799
100000000000000000000000000000038829
100000000000000000000000000000038839
100000000000000000000000000000038883
100000000000000000000000000000038923
100000000000000000000000000000038977
99999999999999999999999999999999999999999999990719
99999999999999999999999999999999999999999999990797
99999999999999999999999999999999999999999999990937
99999999999999999999999999999999999999999999991051
99999999999999999999999999999999999999999999991123
99999999999999999999999999999999999999999999991223
99999999999999999999999999999999999999999999991391
99999999999999999999999999999999999999999999991523
99999999999999999999999999999999999999999999991669
99999999999999999999999999999999999999999999991763
99999999999999999999999999999999999999999999991841
99999999999999999999999999999999999999999999991849
99999999999999999999999999999999999999999999991949
99999999999999999999999999999999999999999999991999
99999999999999999999999999999999999999999999992111
99999999999999999999999999999999999999999999992219
99999999999999999999999999999999999999999999992423
99999999999999999999999999999999999999999999992533
99999999999999999999999999999999999999999999992663
99999999999999999999999999999999999999999999992719
99999999999999999999999999999999999999999999992911
99999999999999999999999999999999999999999999992989
99999999999999999999999999999999999999999999993167
99999999999999999999999999999999999999999999993227
99999999999999999999999999999999999999999999993263
99999999999999999999999999999999999999999999993307
99999999999999999999999999999999999999999999993367
99999999999999999999999999999999999999999999993643
99999999999999999999999999999999999999999999993667
99999999999999999999999999999999999999999999993727
99999999999999999999999999999999999999999999993743
99999999999999999999999999999999999999999999993749
99999999999999999999999999999999999999999999994079
99999999999999999999999999999999999999999999994123
99999999999999999999999999999999999999999999994361
99999999999999999999999999999999999999999999994429
99999999999999999999999999999999999999999999994459
99999999999999999999999999999999999999999999994471
99999999999999999999999999999999999999999999994483
99999999999999999999999999999999999999999999994561
99999999999999999999999999999999999999999999994621
99999999999999999999999999999999999999999999994639
99999999999999999999999999999999999999999999994703
99999999999999999999999999999999999999999999994877
99999999999999999999999999999999999999999999994883
99999999999999999999999999999999999999999999994903
99999999999999999999999999999999999999999999994963
99999999999999999999999999999999999999999999995017
99999999999999999999999999999999999999999999995281
99999999999999999999999999999999999999999999995473
99999999999999999999999999999999999999999999995543
99999999999999999999999999999999999999999999995611
99999999999999999999999999999999999999999999995711
99999999999999999999999999999999999999999999995737
99999999999999999999999999999999999999999999995839
99999999999999999999999999999999999999999999995879
99999999999999999999999999999999999999999999995989
99999999999999999999999999999999999999999999996079
99999999999999999999999999999999999999999999996229
99999999999999999999999999999999999999999999996287
99999999999999999999999999999999999999999999996419
99999999999999999999999999999999999999999999996581
99999999999999999999999999999999999999999999996587
99999999999999999999999999999999999999999999996647
99999999999999999999999999999999999999999999996713
99999999999999999999999999999999999999999999996901
99999999999999999999999999999999999999999999996913
99999999999999999999999999999999999999999999997049
99999999999999999999999999999999999999999999997109
99999999999999999999999999999999999999999999997483
99999999999999999999999999999999999999999999997511
99999999999999999999999999999999999999999999997607
99999999999999999999999999999999999999999999997649
99999999999999999999999999999999999999999999997759
99999999999999999999999999999999999999999999997823
99999999999999999999999999999999999999999999997907
99999999999999999999999999999999999999999999998011
99999999999999999999999999999999999999999999998021
99999999999999999999999999999999999999999999998099
99999999999999999999999999999999999999999999998191
99999999999999999999999999999999999999999999998281
99999999999999999999999999999999999999999999998341
99999999999999999999999999999999999999999999998377
99999999999999999999999999999999999999999999998603
99999999999999999999999999999999999999999999998621
99999999999999999999999999999999999999999999998747
99999999999999999999999999999999999999999999998879
99999999999999999999999999999999999999999999999019
99999999999999999999999999999999999999999999999187
99999999999999999999999999999999999999999999999269
99999999999999999999999999999999999999999999999617
99999999999999999999999999999999999999999999999629
99999999999999999999999999999999999999999999999667
99999999999999999999999999999999999999999999999839
99999999999999999999999999999999999999999999999943
100000000000000000000000000000000000000000000000151
100000000000000000000000000000000000000000000000447
100000000000000000000000000000000000000000000000577
100000000000000000000000000000000000000000000000709
100000000000000000000000000000000000000000000000889
100000000000000000000000000000000000000000000000897
100000000000000000000000000000000000000000000000961
100000000000000000000000000000000000000000000001059
100000000000000000000000000000000000000000000001087
100000000000000000000000000000000000000000000001137
100000000000000000000000000000000000000000000001249
100000000000000000000000000000000000000000000001441
100000000000000000000000000000000000000000000001459
100000000000000000000000000000000000000000000001521
100000000000000000000000000000000000000000000001527
100000000000000000000000000000000000000000000001563
100000000000000000000000000000000000000000000001611
100000000000000000000000000000000000000000000001623
100000000000000000000000000000000000000000000001831
100000000000000000000000000000000000000000000001899
100000000000000000000000000000000000000000000002043
100000000000000000000000000000000000000000000002151
100000000000000000000000000000000000000000000002239
100000000000000000000000000000000000000000000002443
100000000000000000000000000000000000000000000002599
100000000000000000000000000000000000000000000002691
100000000000000000000000000000000000000000000002713
100000000000000000000000000000000000000000000002743
100000000000000000000000000000000000000000000002781
100000000000000000000000000000000000000000000002923
100000000000000000000000000000000000000000000002949
100000000000000000000000000000000000000000000003021
100000000000000000000000000000000000000000000003061
100000000000000000000000000000000000000000000003073
100000000000000000000000000000000000000000000003139
100000000000000000000000000000000000000000000003177
100000000000000000000000000000000000000000000003219
100000000000000000000000000000000000000000000003417
100000000000000000000000000000000000000000000003639
100000000000000000000000000000000000000000000003747
100000000000000000000000000000000000000000000003889
100000000000000000000000000000000000000000000004171
100000000000000000000000000000000000000000000004209
100000000000000000000000000000000000000000000004227
100000000000000000000000000000000000000000000004279
100000000000000000000000000000000000000000000004299
100000000000000000000000000000000000000000000004453
100000000000000000000000000000000000000000000004477
100000000000000000000000000000000000000000000004483
100000000000000000000000000000000000000000000004917
100000000000000000000000000000000000000000000005149
100000000000000000000000000000000000000000000005379
100000000000000000000000000000000000000000000005397
100000000000000000000000000000000000000000000005467
100000000000000000000000000000000000000000000005553
100000000000000000000000000000000000000000000005623
100000000000000000000000000000000000000000000005637
100000000000000000000000000000000000000000000005727
100000000000000000000000000000000000000000000005793
100000000000000000000000000000000000000000000005797
100000000000000000000000000000000000000000000005809
100000000000000000000000000000000000000000000006033
100000000000000000000000000000000000000000000006381
100000000000000000000000000000000000000000000006409
100000000000000000000000000000000000000000000006447
100000000000000000000000000000000000000000000006469
100000000000000000000000000000000000000000000006633
100000000000000000000000000000000000000000000006727
100000000000000000000000000000000000000000000006831
100000000000000000000000000000000000000000000006889
100000000000000000000000000000000000000000000006997
100000000000000000000000000000000000000000000007221
100000000000000000000000000000000000000000000007287
100000000000000000000000000000000000000000000007389
100000000000000000000000000000000000000000000007417
100000000000000000000000000000000000000000000007651
100000000000000000000000000000000000000000000007659
100000000000000000000000000000000000000000000007731
100000000000000000000000000000000000000000000007749
100000000000000000000000000000000000000000000008023
100000000000000000000000000000000000000000000008109
100000000000000000000000000000000000000000000008121
100000000000000000000000000000000000000000000008131
100000000000000000000000000000000000000000000008241
100000000000000000000000000000000000000000000008949
100000000000000000000000000000000000000000000008959
100000000000000000000000000000000000000000000008989
100000000000000000000000000000000000000000000009109
100000000000000000000000000000000000000000000009181
100000000000000000000000000000000000000000000009307
100000000000000000000000000000000000000000000009739
100000000000000000000000000000000000000000000010123
100000000000000000000000000000000000000000000010189
100000000000000000000000000000000000000000000010381
100000000000000000000000000000000000000000000010441
100000000000000000000000000000000000000000000010591
100000000000000000000000000000000000000000000010699
100000000000000000000000000000000000000000000010851
100000000000000000000000000000000000000000000010959
100000000000000000000000000000000000000000000011091
100000000000000000000000000000000000000000000011133
100000000000000000000000000000000000000000000011157
100000000000000000000000000000000000000000000011221
100000000000000000000000000000000000000000000011661
100000000000000000000000000000000000000000000011739
100000000000000000000000000000000000000000000012007
100000000000000000000000000000000000000000000012061
100000000000000000000000000000000000000000000012477
100000000000000000000000000000000000000000000012537
100000000000000000000000000000000000000000000012567
100000000000000000000000000000000000000000000012817
100000000000000000000000000000000000000000000012859
100000000000000000000000000000000000000000000012921
100000000000000000000000000000000000000000000013239
100000000000000000000000000000000000000000000013477
100000000000000000000000000000000000000000000013503
100000000000000000000000000000000000000000000014067
100000000000000000000000000000000000000000000014181
100000000000000000000000000000000000000000000014247
100000000000000000000000000000000000000000000014269
100000000000000000000000000000000000000000000014301
100000000000000000000000000000000000000000000014307
100000000000000000000000000000000000000000000014389
100000000000000000000000000000000000000000000014491
100000000000000000000000000000000000000000000014521
100000000000000000000000000000000000000000000014773
100000000000000000000000000000000000000000000014851
100000000000000000000000000000000000000000000014983
100000000000000000000000000000000000000000000015121
100000000000000000000000000000000000000000000015129
100000000000000000000000000000000000000000000015199
100000000000000000000000000000000000000000000015309
100000000000000000000000000000000000000000000015451
100000000000000000000000000000000000000000000015459
100000000000000000000000000000000000000000000015843
100000000000000000000000000000000000000000000016027
100000000000000000000000000000000000000000000016387
100000000000000000000000000000000000000000000016401
100000000000000000000000000000000000000000000016489
100000000000000000000000000000000000000000000016639
100000000000000000000000000000000000000000000016831
100000000000000000000000000000000000000000000016933
100000000000000000000000000000000000000000000016999
100000000000000000000000000000000000000000000017161
100000000000000000000000000000000000000000000017187
100000000000000000000000000000000000000000000017329
100000000000000000000000000000000000000000000017413
100000000000000000000000000000000000000000000017443
100000000000000000000000000000000000000000000017647
100000000000000000000000000000000000000000000017721
100000000000000000000000000000000000000000000017779
100000000000000000000000000000000000000000000017811
100000000000000000000000000000000000000000000017887
100000000000000000000000000000000000000000000017917
100000000000000000000000000000000000000000000018001
100000000000000000000000000000000000000000000018033
100000000000000000000000000000000000000000000018133
100000000000000000000000000000000000000000000018283
100000000000000000000000000000000000000000000018307
100000000000000000000000000000000000000000000018309
100000000000000000000000000000000000000000000018333
100000000000000000000000000000000000000000000018403
100000000000000000000000000000000000000000000018409
100000000000000000000000000000000000000000000018619
100000000000000000000000000000000000000000000018691
100000000000000000000000000000000000000000000018747
100000000000000000000000000000000000000000000018781
100000000000000000000000000000000000000000000018799
100000000000000000000000000000000000000000000019021
100000000000000000000000000000000000000000000019477
100000000000000000000000000000000000000000000019819
100000000000000000000000000000000000000000000019891
100000000000000000000000000000000000000000000019893
100000000000000000000000000000000000000000000019989
100000000000000000000000000000000000000000000020023
100000000000000000000000000000000000000000000020061
100000000000000000000000000000000000000000000020083
100000000000000000000000000000000000000000000020223
100000000000000000000000000000000000000000000020449
100000000000000000000000000000000000000000000020461
100000000000000000000000000000000000000000000020607
100000000000000000000000000000000000000000000020887
100000000000000000000000000000000000000000000021219
100000000000000000000000000000000000000000000021301
100000000000000000000000000000000000000000000021331
100000000000000000000000000000000000000000000021903
100000000000000000000000000000000000000000000022147
100000000000000000000000000000000000000000000022159
100000000000000000000000000000000000000000000022213
100000000000000000000000000000000000000000000022599
100000000000000000000000000000000000000000000022737
100000000000000000000000000000000000000000000022957
100000000000000000000000000000000000000000000023337
100000000000000000000000000000000000000000000023611
100000000000000000000000000000000000000000000023883
100000000000000000000000000000000000000000000024003
100000000000000000000000000000000000000000000024013
100000000000000000000000000000000000000000000024229
100000000000000000000000000000000000000000000024273
100000000000000000000000000000000000000000000024303
100000000000000000000000000000000000000000000024459
100000000000000000000000000000000000000000000024823
100000000000000000000000000000000000000000000024933
100000000000000000000000000000000000000000000024963
100000000000000000000000000000000000000000000025017
100000000000000000000000000000000000000000000025119
100000000000000000000000000000000000000000000025129
100000000000000000000000000000000000000000000025279
100000000000000000000000000000000000000000000025489
100000000000000000000000000000000000000000000025567
100000000000000000000000000000000000000000000025623
100000000000000000000000000000000000000000000025803
100000000000000000000000000000000000000000000025923
100000000000000000000000000000000000000000000026083
100000000000000000000000000000000000000000000026359
100000000000000000000000000000000000000000000026389
100000000000000000000000000000000000000000000026739
100000000000000000000000000000000000000000000026749
100000000000000000000000000000000000000000000026767
100000000000000000000000000000000000000000000026803
100000000000000000000000000000000000000000000026923
100000000000000000000000000000000000000000000027027
100000000000000000000000000000000000000000000027063
100000000000000000000000000000000000000000000027093
100000000000000000000000000000000000000000000027381
100000000000000000000000000000000000000000000027547
100000000000000000000000000000000000000000000027931
100000000000000000000000000000000000000000000028251
100000000000000000000000000000000000000000000028359
100000000000000000000000000000000000000000000028413
100000000000000000000000000000000000000000000028447
100000000000000000000000000000000000000000000028549
100000000000000000000000000000000000000000000028671
100000000000000000000000000000000000000000000029131
100000000000000000000000000000000000000000000029287
100000000000000000000000000000000000000000000029379
100000000000000000000000000000000000000000000029697
100000000000000000000000000000000000000000000029731
100000000000000000000000000000000000000000000029749
100000000000000000000000000000000000000000000029751
100000000000000000000000000000000000000000000029773
100000000000000000000000000000000000000000000029799
100000000000000000000000000000000000000000000030013
100000000000000000000000000000000000000000000030111
100000000000000000000000000000000000000000000030253
100000000000000000000000000000000000000000000030429
100000000000000000000000000000000000000000000030577
100000000000000000000000000000000000000000000030739
100000000000000000000000000000000000000000000030751
100000000000000000000000000000000000000000000030781
100000000000000000000000000000000000000000000030933
100000000000000000000000000000000000000000000031039
100000000000000000000000000000000000000000000031117
100000000000000000000000000000000000000000000031221
100000000000000000000000000000000000000000000031329
100000000000000000000000000000000000000000000031357
100000000000000000000000000000000000000000000031369
100000000000000000000000000000000000000000000031479
100000000000000000000000000000000000000000000031563
100000000000000000000000000000000000000000000031647
100000000000000000000000000000000000000000000031951
100000000000000000000000000000000000000000000032187
100000000000000000000000000000000000000000000032293
100000000000000000000000000000000000000000000032403
100000000000000000000000000000000000000000000032433
100000000000000000000000000000000000000000000032511
100000000000000000000000000000000000000000000032589
100000000000000000000000000000000000000000000032671
100000000000000000000000000000000000000000000032731
100000000000000000000000000000000000000000000032899
100000000000000000000000000000000000000000000032923
100000000000000000000000000000000000000000000033051
100000000000000000000000000000000000000000000033117
100000000000000000000000000000000000000000000033223
100000000000000000000000000000000000000000000033273
100000000000000000000000000000000000000000000033477
100000000000000000000000000000000000000000000033513
100000000000000000000000000000000000000000000033561
100000000000000000000000000000000000000000000033613
100000000000000000000000000000000000000000000033831
100000000000000000000000000000000000000000000033907
100000000000000000000000000000000000000000000033949
100000000000000000000000000000000000000000000033979
100000000000000000000000000000000000000000000034003
100000000000000000000000000000000000000000000034083
100000000000000000000000000000000000000000000034117
100000000000000000000000000000000000000000000034281
100000000000000000000000000000000000000000000034351
100000000000000000000000000000000000000000000034411
100000000000000000000000000000000000000000000034483
100000000000000000000000000000000000000000000034497
100000000000000000000000000000000000000000000034653
100000000000000000000000000000000000000000000034761
100000000000000000000000000000000000000000000034821
100000000000000000000000000000000000000000000035121
100000000000000000000000000000000000000000000035181
100000000000000000000000000000000000000000000035251
100000000000000000000000000000000000000000000035301
100000000000000000000000000000000000000000000035323
100000000000000000000000000000000000000000000035703
100000000000000000000000000000000000000000000035911
100000000000000000000000000000000000000000000035959
100000000000000000000000000000000000000000000036051
100000000000000000000000000000000000000000000036213
100000000000000000000000000000000000000000000036631
100000000000000000000000000000000000000000000036813
100000000000000000000000000000000000000000000036861
100000000000000000000000000000000000000000000036961
100000000000000000000000000000000000000000000037039
100000000000000000000000000000000000000000000037123
100000000000000000000000000000000000000000000037149
100000000000000000000000000000000000000000000037191
100000000000000000000000000000000000000000000037293
100000000000000000000000000000000000000000000037401
100000000000000000000000000000000000000000000037659
100000000000000000000000000000000000000000000037807
100000000000000000000000000000000000000000000037947
100000000000000000000000000000000000000000000038139
100000000000000000000000000000000000000000000038223
100000000000000000000000000000000000000000000038283
100000000000000000000000000000000000000000000038373
100000000000000000000000000000000000000000000038401
100000000000000000000000000000000000000000000038461
100000000000000000000000000000000000000000000038529
100000000000000000000000000000000000000000000038727
100000000000000000000000000000000000000000000038773
100000000000000000000000000000000000000000000038793
100000000000000000000000000000000000000000000038817
100000000000000000000000000000000000000000000038853
100000000000000000000000000000000000000000000039007
100000000000000000000000000000000000000000000039211
100000000000000000000000000000000000000000000039273
100000000000000000000000000000000000000000000039321
100000000000000000000000000000000000000000000039327
100000000000000000000000000000000000000000000039603
100000000000000000000000000000000000000000000039729
100000000000000000000000000000000000000000000039757
100000000000000000000000000000000000000000000039883
100000000000000000000000000000000000000000000039993
100000000000000000000000000000000000000000000040141
100000000000000000000000000000000000000000000040533
100000000000000000000000000000000000000000000040593
100000000000000000000000000000000000000000000040609
100000000000000000000000000000000000000000000040617
100000000000000000000000000000000000000000000040627
100000000000000000000000000000000000000000000040657
100000000000000000000000000000000000000000000040869
100000000000000000000000000000000000000000000040879
100000000000000000000000000000000000000000000040903
100000000000000000000000000000000000000000000040947
100000000000000000000000000000000000000000000041373
100000000000000000000000000000000000000000000041629
100000000000000000000000000000000000000000000041661
100000000000000000000000000000000000000000000041677
100000000000000000000000000000000000000000000041817
100000000000000000000000000000000000000000000041943
100000000000000000000000000000000000000000000042027
100000000000000000000000000000000000000000000042207
100000000000000000000000000000000000000000000042331
100000000000000000000000000000000000000000000042343
100000000000000000000000000000000000000000000042427
100000000000000000000000000000000000000000000042463
100000000000000000000000000000000000000000000042541
100000000000000000000000000000000000000000000042603
100000000000000000000000000000000000000000000042627
100000000000000000000000000000000000000000000042661
100000000000000000000000000000000000000000000042697
100000000000000000000000000000000000000000000042913
100000000000000000000000000000000000000000000043087
100000000000000000000000000000000000000000000043161
100000000000000000000000000000000000000000000043191
100000000000000000000000000000000000000000000043197
100000000000000000000000000000000000000000000043231
100000000000000000000000000000000000000000000043239
100000000000000000000000000000000000000000000043261
100000000000000000000000000000000000000000000043737
100000000000000000000000000000000000000000000043837
100000000000000000000000000000000000000000000043953
100000000000000000000000000000000000000000000043987
100000000000000000000000000000000000000000000044137
100000000000000000000000000000000000000000000044157
100000000000000000000000000000000000000000000044199
100000000000000000000000000000000000000000000044251
100000000000000000000000000000000000000000000044293
100000000000000000000000000000000000000000000044397
100000000000000000000000000000000000000000000044467
100000000000000000000000000000000000000000000044487
100000000000000000000000000000000000000000000044619
100000000000000000000000000000000000000000000044697
100000000000000000000000000000000000000000000044731
100000000000000000000000000000000000000000000045457
100000000000000000000000000000000000000000000045459
100000000000000000000000000000000000000000000045541
100000000000000000000000000000000000000000000045549
100000000000000000000000000000000000000000000045571
100000000000000000000000000000000000000000000045667
100000000000000000000000000000000000000000000045819
100000000000000000000000000000000000000000000045861
100000000000000000000000000000000000000000000045921
100000000000000000000000000000000000000000000045991
100000000000000000000000000000000000000000000046003
100000000000000000000000000000000000000000000046027
100000000000000000000000000000000000000000000046153
100000000000000000000000000000000000000000000046269
100000000000000000000000000000000000000000000046371
100000000000000000000000000000000000000000000046473
100000000000000000000000000000000000000000000046503
100000000000000000000000000000000000000000000046627
100000000000000000000000000000000000000000000046677
100000000000000000000000000000000000000000000046801
100000000000000000000000000000000000000000000046813
100000000000000000000000000000000000000000000046957
100000000000000000000000000000000000000000000047133
100000000000000000000000000000000000000000000047331
100000000000000000000000000000000000000000000047583
100000000000000000000000000000000000000000000047737
100000000000000000000000000000000000000000000047767
100000000000000000000000000000000000000000000047809
100000000000000000000000000000000000000000000047869
100000000000000000000000000000000000000000000047953
100000000000000000000000000000000000000000000048343
100000000000000000000000000000000000000000000048489
100000000000000000000000000000000000000000000048709
100000000000000000000000000000000000000000000048723
100000000000000000000000000000000000000000000048771
100000000000000000000000000000000000000000000048807
100000000000000000000000000000000000000000000048829
100000000000000000000000000000000000000000000048841
100000000000000000000000000000000000000000000048933
100000000000000000000000000000000000000000000048987
100000000000000000000000000000000000000000000049197
100000000000000000000000000000000000000000000049227
100000000000000000000000000000000000000000000049249
100000000000000000000000000000000000000000000049273
100000000000000000000000000000000000000000000049309
100000000000000000000000000000000000000000000049359
100000000000000000000000000000000000000000000049801
100000000000000000000000000000000000000000000049921
100000000000000000000000000000000000000000000050037
100000000000000000000000000000000000000000000050193
100000000000000000000000000000000000000000000050421
100000000000000000000000000000000000000000000050529
100000000000000000000000000000000000000000000050557
100000000000000000000000000000000000000000000050661
100000000000000000000000000000000000000000000050683
100000000000000000000000000000000000000000000050857
100000000000000000000000000000000000000000000050971
100000000000000000000000000000000000000000000051013
100000000000000000000000000000000000000000000051069
100000000000000000000000000000000000000000000051111
100000000000000000000000000000000000000000000051163
100000000000000000000000000000000000000000000051271
100000000000000000000000000000000000000000000051361
100000000000000000000000000000000000000000000051463
100000000000000000000000000000000000000000000051541
100000000000000000000000000000000000000000000051591
100000000000000000000000000000000000000000000051849
100000000000000000000000000000000000000000000051933
100000000000000000000000000000000000000000000052059
100000000000000000000000000000000000000000000052237
100000000000000000000000000000000000000000000052317
100000000000000000000000000000000000000000000052401
100000000000000000000000000000000000000000000052417
100000000000000000000000000000000000000000000052657
100000000000000000000000000000000000000000000053199
100000000000000000000000000000000000000000000053253
100000000000000000000000000000000000000000000053281
100000000000000000000000000000000000000000000053361
100000000000000000000000000000000000000000000053407
100000000000000000000000000000000000000000000053451
100000000000000000000000000000000000000000000053553
100000000000000000000000000000000000000000000053631
100000000000000000000000000000000000000000000053727
100000000000000000000000000000000000000000000053871
100000000000000000000000000000000000000000000054007
100000000000000000000000000000000000000000000054057
100000000000000000000000000000000000000000000054177
100000000000000000000000000000000000000000000054237
100000000000000000000000000000000000000000000054459
100000000000000000000000000000000000000000000054613
100000000000000000000000000000000000000000000054649
100000000000000000000000000000000000000000000054847
100000000000000000000000000000000000000000000054883
100000000000000000000000000000000000000000000054909
100000000000000000000000000000000000000000000055209
100000000000000000000000000000000000000000000055353
100000000000000000000000000000000000000000000055563
100000000000000000000000000000000000000000000055591
100000000000000000000000000000000000000000000055831
100000000000000000000000000000000000000000000055873
100000000000000000000000000000000000000000000055951
100000000000000000000000000000000000000000000055993
100000000000000000000000000000000000000000000056013
100000000000000000000000000000000000000000000056049
100000000000000000000000000000000000000000000056217
100000000000000000000000000000000000000000000056503
100000000000000000000000000000000000000000000056529
100000000000000000000000000000000000000000000056703
100000000000000000000000000000000000000000000056707
100000000000000000000000000000000000000000000056821