99995
100004
100017
100040
100051
100060
100069
100097
100110
100130
100149
100155
100169
100181
100189
100194
100204
100211
100232
100261
100273
100282
100289
100294
100309
100328
100341
100356
100360
100362
100374
100386
100392
100400
100407
100413
100439
100455
100468
100480
100489
100498
100507
100513
100516
100519
100530
100541
100546
100554
100581
100603
100613
100619
100640
100661
100672
100689
100694
100699
100723
100735
100744
100762
100779
100794
100798
100805
100815
100822
100839
100846
100892
100908
100926
100928
100930
100935
100947
100969
100980
100993
101001
101012
101020
101040
101054
101073
101082
101098
101104
101106
101108
101109
101127
101138
101151
101154
101162
101172
101186
101194
101199
101200
101209
101248
101264
101276
101274
101276
101281
101307
101322
101333
101338
101347
101352
101365
101372
101386
101399
101408
101418
101435
101454
101467
101474
101478
101487
101491
101500
101512
101519
101522
101524
101543
101558
101570
101586
101591
101599
101612
101626
101640
101651
101666
101679
101689
101704
101710
101723
101728
101733
101735
101753
101771
101784
101795
101815
101823
101828
101845
101853
101860
101865
101873
101897
101907
101916
101923
101938
101948
101961
101971
101982
101986
101996
102002
102007
102014
102024
102040
102046
102055
102060
102062
102080
102086
102092
102102
102118
102132
102145
102162
102174
102182
102183
102185
102196
102209
102216
102223
102232
102235
102241
102268
102280
102287
102298
102308
102318
102338
102348
102375
102389
102394
102412
102417
102432
102441
102459
102476
102482
102485
102499
102511
102520
102527
102530
102537
102542
102562
102572
102587
102591
102617
102626
102635
102645
102651
102656
102658
102675
102727
102745
102757
102771
102774
102789
102805
102818
102836
102848
102856
102859
102883
102890
102906
102909
102926
102941
102959
102977
102985
103015
103026
103044
103047
103054
103061
103066
103068
103073
103093
103113
103144
103155
103162
103187
103203
103215
103257
103267
103285
103294
103305
103321
103331
103357
103365
103370
103372
103379
103391
103396
103419
103429
103444
103455
103479
103500
103522
103528
103534
103538
103543
103548
103553
103560
103580
103590
103612
103622
103630
103639
103650
103657
103669
103673
103690
103731
103757
103777
103785
103785
103803
103810
103814
103833
103853
103872
103884
103889
103915
103930
103939
103940
103945
103948
103957
103960
103964
103969
103975
103986
103998
104013
104021
104027
104050
104056
104074
104081
104086
104090
104109
104115
104128
104138
104145
104150
104169
104193
104202
104208
104209
104239
104252
104266
104275
104277
104287
104291
104309
104330
104346
104352
104358
104362
104378
104416
104436
104444
104446
104452
104472
104489
104502
104508
104513
104514
104522
104538
104554
104562
104583
104600
104615
104624
104638
104644
104647
104654
104661
104668
104673
104678
104683
104689
104702
104718
104724
104735
104740
104749
104761
104765
104785
104792
104809
104813
104828
104839
104851
104870
104878
104893
104906
104914
104920
104929
104944
104958
104977
104984
104992
104996
105024
105052
105069
105096
105104
105125
105133
105155
105169
105185
105190
105197
105207
105211
105220
105225
105233
105269
105281
105293
105296
105297
105312
105317
105324
105329
105334
105343
105352
105357
105363
105387
105403
105424
105446
105456
105462
105465
105471
105480
105484
105488
105494
105508
105517
105550
105563
105572
105575
105598
105607
105623
105628
105636
105644
105654
105677
105687
105705
105715
105721
105724
105761
