0.06301498413085938
0.04200863838195801
0.04200911521911621
0.04100966453552246
0.041008710861206055
0.04101061820983887
0.04200863838195801
0.0400090217590332
0.04400992393493652
0.04100918769836426
0.04100966453552246
0.04300999641418457
0.04801058769226074
0.04600954055786133
0.04300975799560547
0.04201102256774902
0.043009281158447266
0.04200911521911621
0.04601001739501953
0.04200935363769531
0.04100966453552246
0.041008949279785156
0.04300999641418457
0.04100918769836426
0.040008544921875
0.04100942611694336
0.041010141372680664
0.041008710861206055
0.0400087833404541
0.044010162353515625
0.04200935363769531
0.0400087833404541
0.040009498596191406
0.041008949279785156
0.04100966453552246
0.04100847244262695
0.04000973701477051
0.04100942611694336
0.04100847244262695
0.04300999641418457
0.04601001739501953
0.04100942611694336
0.041008710861206055
0.04201006889343262
0.042009830474853516
0.0400090217590332
0.04100918769836426
0.041008949279785156
0.04100966453552246
0.0400083065032959
0.04100942611694336
0.044010162353515625
0.0400090217590332
0.04100942611694336
0.040008544921875
0.04100918769836426
0.0400087833404541
0.04100990295410156
0.04200887680053711
0.041010141372680664
0.0400083065032959
0.04400968551635742
0.040009260177612305
0.0400090217590332
0.04100942611694336
0.04100918769836426
0.0400087833404541
0.040009260177612305
0.0400087833404541
0.04100942611694336
0.041008710861206055
0.04201006889343262
0.044010162353515625
0.041008949279785156
0.04100942611694336
0.041008710861206055
0.040009260177612305
0.04100918769836426
0.04100918769836426
0.0400090217590332
0.04100942611694336
0.0400090217590332
0.041008949279785156
0.04400992393493652
0.04000973701477051
0.041008710861206055
0.0400090217590332
0.04100942611694336
0.04100942611694336
0.041008949279785156
0.041008949279785156
0.04100942611694336
0.0400090217590332
0.04200911521911621
0.04501080513000488
0.04200911521911621
0.04100966453552246
0.040009260177612305
0.041008710861206055
0.042009830474853516
0.0400090217590332
0.041008710861206055
0.04100966453552246
0.0400087833404541
0.044010162353515625
0.0400090217590332
0.040008544921875
0.040009260177612305
0.041008949279785156
0.040009260177612305
0.04100942611694336
0.04100966453552246
0.04200887680053711
0.0400090217590332
0.04100942611694336
0.04401063919067383
0.0400083065032959
0.041008949279785156
0.04100918769836426
0.042009592056274414
0.0400090217590332
0.04100942611694336
0.041008949279785156
0.0400083065032959
0.04101085662841797
0.041008710861206055
0.04400968551635742
0.0400087833404541
0.0400090217590332
0.040009260177612305
0.04100942611694336
0.04100918769836426
0.0400083065032959
0.042009830474853516
0.04100918769836426
0.04100918769836426
0.04100990295410156
0.04501056671142578
0.042009830474853516
0.04701042175292969
0.050011396408081055
0.043009281158447266
0.041008949279785156
0.05001115798950195
0.04501008987426758
0.04601025581359863
0.04400992393493652
0.04801130294799805
0.04300999641418457
0.04501008987426758
0.04300999641418457
0.046010494232177734
0.04400944709777832
0.04401063919067383
0.043009281158447266
0.04501008987426758
0.04200887680053711
0.04400968551635742
0.04801177978515625
0.04400944709777832
0.04300975799560547
0.04301095008850098
0.04400920867919922
0.040008544921875
0.04301023483276367
0.043009281158447266
0.04300975799560547
0.041008710861206055
0.0400087833404541
0.045011281967163086
0.0400083065032959
0.0400087833404541
0.040009260177612305
0.040009260177612305
0.04100942611694336
0.0400090217590332
0.041008949279785156
0.041008949279785156
0.04101109504699707
0.0420079231262207
0.04601025581359863
0.040009260177612305
0.04100918769836426
0.04100942611694336
0.040008544921875
0.04100966453552246
0.042009830474853516
0.04100847244262695
0.04100918769836426
0.041008949279785156
0.04501080513000488
0.04100966453552246
0.040008544921875
0.04100966453552246
0.041008710861206055
0.04100918769836426
0.04100918769836426
0.040009498596191406
0.040008544921875
0.04100942611694336
0.0400090217590332
0.044010162353515625
0.0400087833404541
0.04100942611694336
0.040009260177612305
0.040008544921875
0.042009592056274414
0.04100942611694336
0.04100918769836426
0.041008949279785156
0.040009498596191406
0.04100847244262695
0.044010162353515625
0.042009592056274414
0.0400087833404541
0.040009498596191406
0.041008949279785156
0.04100918769836426
0.04100990295410156
0.041008710861206055
0.040009260177612305
0.040008544921875
0.04100966453552246
0.045009613037109375
0.040009260177612305
0.04100918769836426
0.04100942611694336
0.04100918769836426
0.04100918769836426
0.04100966453552246
0.04100918769836426
0.040009260177612305
0.04100918769836426
0.04400992393493652
0.040008544921875
0.04100966453552246
0.041008710861206055
0.041010141372680664
0.04100847244262695
0.04200935363769531
0.04100966453552246
0.041008710861206055
0.04100990295410156
0.041008710861206055
0.04501032829284668
0.040008544921875
0.040009260177612305
0.0400090217590332
0.04100918769836426
0.04100918769836426
0.0400090217590332
0.04100918769836426
0.04100942611694336
0.04100918769836426
0.0400090217590332
0.044010162353515625
0.0400087833404541
0.0400090217590332
0.042009830474853516
0.0400087833404541
0.042009592056274414
0.041008949279785156
0.04100918769836426
0.0400090217590332
0.040009260177612305
0.04100942611694336
0.04400968551635742
0.041008949279785156
0.04100918769836426
0.04100942611694336
0.0400087833404541
0.04100966453552246
0.0400087833404541
0.04100942611694336
0.041008710861206055
0.04100942611694336
0.04400968551635742
0.040009498596191406
0.041008949279785156
0.040009260177612305
0.04100918769836426
0.04100966453552246
0.041008949279785156
0.04100942611694336
0.04100847244262695
0.043010711669921875
0.040008544921875
0.04400992393493652
0.0400090217590332
0.042009830474853516
0.04100918769836426
0.04200887680053711
0.042009592056274414
0.04200935363769531
0.04100918769836426
0.04100942611694336
0.04100918769836426
0.042009830474853516
0.04501008987426758
0.04200911521911621
0.04100942611694336
0.04100918769836426
0.04301023483276367
0.041008949279785156
0.040008544921875
0.04100966453552246
0.0400087833404541
0.04100966453552246
0.041008949279785156
0.04500985145568848
0.041008710861206055
0.04300975799560547
0.04100990295410156
0.04100918769836426
0.04300951957702637
0.04100942611694336
0.04100942611694336
0.040009498596191406
0.04100966453552246
0.044008493423461914
0.042009830474853516
0.04000973701477051
0.04100847244262695
0.042009830474853516
0.040009260177612305
0.04100847244262695
0.04100990295410156
0.04100918769836426
0.04100918769836426
0.041008710861206055
0.044010162353515625
0.04100918769836426
0.04100990295410156
0.04200863838195801
0.04100966453552246
0.041008949279785156
0.0400087833404541
0.04100966453552246
0.040009260177612305
0.04100942611694336
0.04200863838195801
0.050011396408081055
0.0400090217590332
0.04100918769836426
0.04100990295410156
0.041008710861206055
0.04100966453552246
0.040008544921875
0.04000973701477051
0.041008710861206055
0.0400090217590332
0.041008949279785156
0.04400992393493652
0.0400090217590332
0.041008710861206055
0.04100942611694336
0.040009260177612305
0.04100942611694336
0.04200887680053711
0.0400090217590332
0.04100990295410156
0.0400087833404541
0.04400944709777832
0.040009260177612305
0.04100942611694336
0.0400087833404541
0.048010826110839844
0.04100918769836426
0.04100990295410156
0.041008710861206055
0.04100966453552246
0.040008544921875
0.040009260177612305
0.04400968551635742
0.04100918769836426
0.04100966453552246
0.0400090217590332
0.041008710861206055
0.04100966453552246
0.041008710861206055
0.04100942611694336
0.04200935363769531
0.04100918769836426
0.0400090217590332
0.04701042175292969
0.040009260177612305
0.04100990295410156
0.04100847244262695
0.040009260177612305
0.041008710861206055
0.04100942611694336
0.04100942611694336
0.04100942611694336
0.0400087833404541
0.04200935363769531
0.044010162353515625
0.04100918769836426
0.04100918769836426
0.0400090217590332
0.04100966453552246
0.04100942611694336
0.041008710861206055
0.04200935363769531
0.0400090217590332
0.042009830474853516
0.044010162353515625
0.04100847244262695
0.042009830474853516
0.040009260177612305
0.04200935363769531
0.04100918769836426
0.041008949279785156
0.04100966453552246
0.0400087833404541
0.04200935363769531
0.04100918769836426
0.04400992393493652
0.04100966453552246
0.041008710861206055
0.041010141372680664
0.04200887680053711
0.041010379791259766
0.042008161544799805
0.04100990295410156
0.041008710861206055
0.0400090217590332
0.041008949279785156
0.04300951957702637
0.04100918769836426
0.041010141372680664
0.041008949279785156
0.0400087833404541
0.04100942611694336
0.04100847244262695
0.04100990295410156
0.04100918769836426
0.0400090217590332
0.04100966453552246
0.04601001739501953
0.0400087833404541
0.04100942611694336
0.04200935363769531
0.04100990295410156
0.041008710861206055
0.0400090217590332
0.040009260177612305
0.041008949279785156
0.04100942611694336
0.04400968551635742
0.040009498596191406
0.041008949279785156
0.0400090217590332
0.04100942611694336
0.04100966453552246
0.0400083065032959
0.04100942611694336
0.040009498596191406
0.04400920867919922
0.04100918769836426
0.04401063919067383
0.0400083065032959
0.04100942611694336
0.04200911521911621
0.040009260177612305
0.04000973701477051
0.04100847244262695
0.042009592056274414
0.0400087833404541
0.04100942611694336
0.040009260177612305
0.04500985145568848
0.040009260177612305
0.04100918769836426
0.04100918769836426
0.041008949279785156
0.040009260177612305
0.04100942611694336
0.04100918769836426
0.04100918769836426
0.04100966453552246
0.04200911521911621
0.044010162353515625
0.041008949279785156
0.0400090217590332
0.0400090217590332
0.04100918769836426
0.04300975799560547
0.04100942611694336
0.04100918769836426
0.0400090217590332
0.04100990295410156
0.0490107536315918
0.040008544921875
0.04100966453552246
0.0400087833404541
0.04100918769836426
0.04100942611694336
0.040009498596191406
0.041008710861206055
0.040009260177612305
