9373
9578
9869
10066
10222
10374
10409
10455
10524
10557
10612
10701
10869
10961
11024
11031
11033
11077
11097
11254
11374
11519
11652
11735
11912
12083
12212
12261
12264
12276
12379
12451
12523
12572
12580
12630
12670
12716
12874
13099
13275
13432
13661
13770
13810
13829
13816
13933
14005
14028
14336
14637
14936
15052
15058
15104
15155
15196
15261
15327
15353
15367
15515
15837
16012
16085
16073
16143
16269
16391
16475
16556
16745
16870
16982
17025
17176
17258
17323
17354
17525
17688
17749
17762
17797
18330
18611
18718
18783
18762
18891
19248
19676
19903
20081
20121
20207
20332
20465
20598
20724
20794
20815
20853
21171
21390
21659
21786
22059
22244
22292
22471
22525
22605
22850
23102
23239
23663
23898
24015
24053
23993
23991
24044
24144
24208
24409
24545
24681
24828
24856
24910
24990
25117
25186
25467
25720
26068
26224
26267
26370
26512
26670
26760
26883
26935
27047
27148
27190
27350
27456
27535
27579
27616
27655
27725
27776
27856
27997
28067
28088
28089
28122
28151
28311
28435
28516
28564
28559
28715
29115
29550
29776
29798
29791
29792
29831
29863
29958
30168
30270
30400
30627
30947
31158
31219
31595
31927
32080
32136
32331
32538
32790
33142
33437
33751
33926
33940
34061
34125
34168
34290
34574
34798
34896
34925
34957
34990
35107
35302
35437
35526
35655
35777
35943
36201
36311
36582
36690
36701
36723
36764
36885
36960
36999
37198
37409
37773
38153
38343
38424
38410
38445
38555
38931
39220
39380
39630
39701
39737
39727
39691
39712
39874
40026
40185
40367
40516
40689
40748
40760
40853
40961
41072
41179
41277
41330
41346
41413
41496
41596
41850
42121
42305
42431
42450
42487
42555
42633
42709
42846
42918
43024
43108
43194
43271
43425
43519
43572
43619
43764
43898
43974
44007
44001
44057
44106
44240
44350
44424
44497
44512
44624
44749
44838
45082
45215
45304
45357
45347
45621
45900
46049
46146
46233
46566
46861
46995
47070
47094
47163
47212
47243
47319
47425
47656
47862
48028
48212
48313
48382
48451
48477
48526
48588
48746
48855
48898
48913
48915
49033
49237
49371
49443
49442
49612
49793
49885
49994
50073
50213
50554
50737
50796
50782
50726
50741
50902
50990
51035
51067
51354
51698
51863
51901
51933
52032
52150
52320
52459
52512
52574
52599
52657
52731
52765
52798
52825
52986
53190
53327
53386
53370
53369
53375
53393
53740
53985
54161
54227
54277
54332
54367
54413
54442
54534
54619
54662
54763
54851
54908
55443
55694
55827
55843
55748
55824
55956
56053
56124
56182
56197
56218
56307
56427
56556
56674
56722
56812
56878
56982
57035
57136
57305
57508
57778
57977
58052
58073
58089
58150
58461
58712
58959
59046
59042
59058
59055
59073
59137
59205
59382
59484
59519
59535
59536
59582
59917
60168
60341
60493
60650
60808
60873
60939
60956
61082
61224
61299
61361
61385
61424
61517
61618
61729
61822
61879
62074
62217
62355
62525
62618
62712
62740
62895
63358
63612
63710
63732
63705
63753
63842
63926
64027
64166
64309
64397
64499
64565
64736
64925
65013
65172
65234
65263
65481
65664
65898
66002
66156
66249
66313
66368
66365
66395
66516
66780
66921
67080
67116
