0.12202787399291992
0.049010276794433594
0.04501080513000488
0.04601144790649414
0.04500889778137207
0.04701113700866699
0.04400944709777832
0.04501008987426758
0.04501008987426758
0.04801154136657715
0.04900979995727539
0.04200911521911621
0.04300999641418457
0.044010162353515625
0.04401063919067383
0.04400944709777832
0.04901123046875
0.04401063919067383
0.04500937461853027
0.043009281158447266
0.049011945724487305
0.05401039123535156
0.04701113700866699
0.047011613845825195
0.04601263999938965
0.04700779914855957
0.05101156234741211
0.05001115798950195
0.045011043548583984
0.04800987243652344
0.044008731842041016
0.04501175880432129
0.045009613037109375
0.04601168632507324
0.04500913619995117
0.046012163162231445
0.0470120906829834
0.05201268196105957
0.046009063720703125
0.05101156234741211
0.04600882530212402
0.04100918769836426
0.04200935363769531
0.04100966453552246
0.04100918769836426
0.04101085662841797
0.0420074462890625
0.04301047325134277
0.04400944709777832
0.04100918769836426
0.040008544921875
0.041010379791259766
0.04100847244262695
0.04200935363769531
0.04100942611694336
0.04100966453552246
0.041008949279785156
0.04200887680053711
0.04401063919067383
0.040009260177612305
0.04100918769836426
0.04100847244262695
0.041014909744262695
0.041004180908203125
0.04100918769836426
0.0400090217590332
0.04100942611694336
0.04200887680053711
0.04200887680053711
0.04501080513000488
0.04200911521911621
0.04101109504699707
0.044008493423461914
0.04100990295410156
0.041008949279785156
0.041008710861206055
0.04100942611694336
0.0400090217590332
0.04100966453552246
0.042009830474853516
0.044008493423461914
0.041010141372680664
0.04200911521911621
0.04200911521911621
0.04101109504699707
0.04100799560546875
0.041008949279785156
0.04000997543334961
0.04200887680053711
0.040009260177612305
0.04100799560546875
0.04501152038574219
0.041008949279785156
0.04500985145568848
0.04106426239013672
0.04095458984375
0.04100823402404785
0.04000973701477051
0.04100966453552246
0.0400087833404541
0.04100799560546875
0.04401111602783203
0.0400087833404541
0.04100918769836426
0.042009830474853516
0.0400090217590332
0.04100918769836426
0.04100823402404785
0.041010379791259766
0.0400090217590332
0.04100847244262695
0.04101085662841797
0.04400897026062012
0.040008544921875
0.041010141372680664
0.040009260177612305
0.04200887680053711
0.041008949279785156
0.040009260177612305
0.042009592056274414
0.042008399963378906
0.04100966453552246
0.0400090217590332
0.04401040077209473
0.040007829666137695
0.041010141372680664
0.0400090217590332
0.04100918769836426
0.04100847244262695
0.04001045227050781
0.040008544921875
0.04100918769836426
0.04101061820983887
0.0400080680847168
0.04400992393493652
0.04004335403442383
0.03997468948364258
0.04100918769836426
0.041008949279785156
0.041008710861206055
0.04000973701477051
0.04200935363769531
0.04100966453552246
0.042009592056274414
0.04400920867919922
0.040009498596191406
0.04100942611694336
0.041008949279785156
0.041008949279785156
0.04100966453552246
0.041008949279785156
0.040009498596191406
0.041008949279785156
0.04100918769836426
0.04100942611694336
0.04400897026062012
0.04001021385192871
0.041008710861206055
0.04100942611694336
0.04100918769836426
0.04100847244262695
0.04100990295410156
0.040009260177612305
0.04100823402404785
0.04101061820983887
0.04100799560546875
0.04701042175292969
0.040009498596191406
0.04100918769836426
0.041008710861206055
0.040009260177612305
0.04105782508850098
0.03996109962463379
0.041008710861206055
0.04100942611694336
0.04100918769836426
0.0400087833404541
0.04400897026062012
0.04000973701477051
0.04100966453552246
0.04100966453552246
0.040008544921875
0.04100966453552246
0.0400083065032959
0.040009498596191406
0.04100942611694336
0.04100966453552246
0.044008731842041016
0.040010690689086914
0.04000735282897949
0.04201030731201172
0.04100990295410156
0.041008710861206055
0.041008949279785156
0.04100918769836426
0.04100942611694336
0.04100942611694336
0.040009260177612305
0.04500985145568848
0.0400087833404541
0.040009260177612305
0.04100942611694336
0.0400087833404541
0.0400090217590332
0.04100966453552246
0.04100847244262695
0.040009260177612305
0.04100942611694336
0.04100942611694336
0.04400992393493652
0.040009260177612305
0.04100775718688965
0.04001021385192871
0.04200911521911621
0.040009260177612305
0.04100942611694336
0.04100918769836426
0.04100847244262695
0.040009260177612305
0.04100966453552246
0.04300975799560547
0.041008949279785156
0.041008710861206055
0.041008949279785156
0.041010141372680664
0.0400087833404541
0.04100918769836426
0.041008710861206055
0.041010379791259766
0.041008710861206055
0.04400992393493652
0.040009260177612305
0.04100918769836426
0.040009260177612305
0.041008949279785156
0.042009830474853516
0.04100966453552246
0.0400083065032959
0.042009592056274414
0.04400897026062012
0.04100990295410156
0.044010162353515625
0.04100990295410156
0.0400083065032959
0.04100966453552246
0.0400087833404541
0.04200935363769531
0.04100942611694336
0.0400080680847168
0.04100990295410156
0.04100942611694336
0.0400087833404541
0.04400992393493652
0.040009260177612305
0.041008949279785156
0.040008544921875
0.04100942611694336
0.04100966453552246
0.04100918769836426
0.040009260177612305
0.04100918769836426
0.0400087833404541
0.04100918769836426
0.044010162353515625
0.040009260177612305
0.041008949279785156
0.041008949279785156
0.041008710861206055
0.04100990295410156
0.04100942611694336
0.04100918769836426
0.04400992393493652
0.04100942611694336
0.04400944709777832
0.04100990295410156
0.0400087833404541
0.04200935363769531
0.04100918769836426
0.04100918769836426
0.04100942611694336
0.041008949279785156
0.04100942611694336
0.0400087833404541
0.04100942611694336
0.04400920867919922
0.04100966453552246
0.04300975799560547
0.04100966453552246
0.041008949279785156
0.04200935363769531
0.0400083065032959
0.04100918769836426
0.04101061820983887
0.04300856590270996
0.04100918769836426
0.04400968551635742
0.040009260177612305
0.04000973701477051
0.040008544921875
0.04201030731201172
0.04100942611694336
0.0400087833404541
0.0400087833404541
0.040009498596191406
0.04100918769836426
0.041008949279785156
0.04501008987426758
0.04100823402404785
0.04201006889343262
0.04100942611694336
0.0400090217590332
0.04100942611694336
0.04400992393493652
0.042009830474853516
0.0400083065032959
0.04100942611694336
0.044010162353515625
0.041008949279785156
0.040009260177612305
0.0400083065032959
0.04100966453552246
0.04100966453552246
0.04100966453552246
0.0400083065032959
0.04100942611694336
0.041008710861206055
0.04100990295410156
0.04400968551635742
0.042009830474853516
0.040007829666137695
0.041010141372680664
0.041008710861206055
0.040009260177612305
0.04100942611694336
0.041008949279785156
0.04100966453552246
0.04100847244262695
0.041008949279785156
0.04501152038574219
0.041008710861206055
0.04100966453552246
0.0400087833404541
0.04200863838195801
0.04100966453552246
0.0400090217590332
0.04100942611694336
0.04100918769836426
0.04100918769836426
0.04000973701477051
0.04400944709777832
0.0400083065032959
0.040010690689086914
0.040007591247558594
0.0400090217590332
0.041010141372680664
0.0400080680847168
0.04100823402404785
0.041010379791259766
0.04100823402404785
0.04401111602783203
0.0400087833404541
0.041008949279785156
0.04100990295410156
0.041008949279785156
0.04100966453552246
0.04100847244262695
0.04000973701477051
0.04200887680053711
0.0400083065032959
0.041010141372680664
0.04400968551635742
0.040009498596191406
0.040009260177612305
0.041008710861206055
0.04100918769836426
0.041010141372680664
0.04100847244262695
0.0400090217590332
0.040009260177612305
0.040009260177612305
0.041010141372680664
0.04400825500488281
0.042009830474853516
0.04100966453552246
0.04100847244262695
0.04401040077209473
0.04100942611694336
0.04100918769836426
0.041010379791259766
0.0420079231262207
0.040009260177612305
0.0400087833404541
0.04401040077209473
0.0400090217590332
0.04200935363769531
0.040009260177612305
0.04100966453552246
0.04100847244262695
0.04100990295410156
0.041008710861206055
0.0400090217590332
0.04100918769836426
0.04400968551635742
0.041008949279785156
0.04000973701477051
0.041008949279785156
0.04100847244262695
0.04100990295410156
0.041008710861206055
0.042009830474853516
0.04100942611694336
0.04100942611694336
0.0400090217590332
0.04400992393493652
0.0400090217590332
0.04100942611694336
0.0400087833404541
0.04100918769836426
0.04100942611694336
0.041008710861206055
0.04000973701477051
0.0400087833404541
0.040009498596191406
0.04100847244262695
0.04400944709777832
0.04001045227050781
0.0400083065032959
0.04100847244262695
0.04201030731201172
0.041008949279785156
0.04000973701477051
0.04100918769836426
0.041008710861206055
0.0420994758605957
0.04191994667053223
0.04500985145568848
0.040009260177612305
0.04100799560546875
0.042009592056274414
0.041010141372680664
0.04100918769836426
0.040009260177612305
0.040008544921875
0.04100918769836426
0.041010141372680664
0.04400992393493652
0.04100847244262695
0.040008544921875
0.041010141372680664
0.04100918769836426
0.04100966453552246
0.0400087833404541
0.0400087833404541
0.04100918769836426
0.040008544921875
0.041010141372680664
0.04400944709777832
0.040009260177612305
0.044010162353515625
0.04200935363769531
0.04100942611694336
0.04100918769836426
0.041008710861206055
0.042009830474853516
0.04100823402404785
0.04001045227050781
0.04200887680053711
0.04400992393493652
0.04101157188415527
0.04000663757324219
0.040009498596191406
0.04100847244262695
0.04100990295410156
0.041008949279785156
0.0400080680847168
0.042067766189575195
0.040952205657958984
0.0400080680847168
0.045011043548583984
0.04100918769836426
0.04200935363769531
0.04101443290710449
0.04200458526611328
0.041008949279785156
0.041008949279785156
0.04100942611694336
0.040009260177612305
0.04100942611694336
0.044008493423461914
0.041010141372680664
0.0400083065032959
0.04100990295410156
0.04100942611694336
0.04100918769836426
0.04100918769836426
0.04100990295410156
0.041008949279785156
0.0400087833404541
0.040010690689086914
0.04500889778137207
