6644
6771
6904
6944
7019
7082
7201
7258
7375
7473
7604
7714
7739
7792
7804
7813
7898
7995
8116
8199
8301
8398
8559
8646
8763
8790
8831
8937
9043
9154
9298
9503
9651
9868
9908
9923
9955
9987
9997
10031
10063
10136
10232
10449
10551
10657
10688
10768
10843
11213
11516
11792
11966
11892
11854
11891
11920
11982
12075
12141
12213
12351
12400
12506
12525
12526
12601
12757
12882
12982
13139
13252
13423
13605
13655
13730
13803
13806
13852
13871
13867
13888
13973
14065
14190
14267
14473
14575
14777
14825
14824
14870
14943
15109
15268
15362
15407
15400
15406
15454
15488
15532
15805
16120
16440
16677
16687
16697
16790
16882
17003
17087
17231
17299
17452
17531
17607
17652
17765
17882
18004
18102
18158
18202
18308
18352
18395
18499
18579
18765
18854
18918
19007
19098
19189
19238
19259
19322
19406
19467
19470
19476
19513
19602
19671
19757
19823
20004
20154
20330
20459
20531
20630
20731
20831
20894
20952
20987
21084
21166
21252
21262
21313
21365
21450
21502
21518
21544
21584
21614
21674
21779
21833
21910
21940
22050
22118
22224
22236
22202
22289
22394
22495
22613
22740
22812
22948
22960
22959
23009
23054
23254
23346
23458
23460
23497
23676
23807
23929
23936
23934
23973
24019
24060
24082
24129
24169
24253
24314
24417
24453
24485
24567
24611
24689
24761
24787
24869
24907
25064
25156
25316
25446
25516
25607
25686
25944
26127
26423
26470
26502
26600
26756
26915
27059
27081
27040
27097
27144
27217
27254
27277
27381
27460
27529
27611
27727
27887
28041
28131
28207
28296
28393
28450
28486
28492
28563
28650
28731
28800
28825
28918
28978
29050
29060
29142
29193
29279
29333
29351
29417
29443
29447
29526
29646
29740
29874
29932
30075
30246
30375
30487
30491
30538
30647
30754
30863
30887
30882
30894
30960
31027
31108
31151
31180
31224
31262
31309
31355
31509
31619
31726
31791
31774
31841
31974
32095
32196
32262
32247
32320
32405
32597
32685
32855
32906
32930
32973
32969
33010
33127
33194
33267
33288
33338
33557
33693
33838
34012
34072
34279
34415
34426
34511
34586
34667
34809
34883
34896
34966
35044
35224
35337
35553
35760
35986
36173
36250
36321
36379
36428
36463
36501
36508
36520
36528
36555
36563
36588
36642
36734
36815
36868
36927
36986
37213
37335
37463
37552
37534
37618
37614
37674
37791
37970
38098
38183
38212
38203
38210
38353
38439
38546
38580
38552
38640
38693
38814
38881
38953
38981
39008
39057
39104
39163
39174
39227
39246
39306
39348
39425
39445
39474
39572
39619
39715
39724
39707
39802
39839
39935
39971
39987
40039
40107
40245
40374
40486
40505
40523
40602
40731
40853
40940
40979
41056
41126
41208
41263
41313
41330
41380
41490
41566
41775
41951
42055
42139
42161
42270
42400
42570
42634
42719
42777
42821
42876
42995
43058
43224
43306
43498
43600
43691
43708
43683
43803
43876
43985
44005
44119
44189
44373
44475
44546
44593
44615
44680
44739
44837
44878
44929
44957
44985
45013
45045
45073
45192
45331
45452
45557
45594
45675
45728
45798
45810
45881
45913
46020
46080
46157
46221
46286
46364
46483
46503
46549
46563
46574
46606
