999999927
999999989
1000000001
1000000014
1000000018
1000000066
1000000082
1000000088
1000000087
1000000104
1000000158
1000000193
1000000213
1000000226
1000000252
1000000273
1000000282
1000000302
1000000329
1000000347
1000000383
1000000393
1000000396
1000000405
1000000412
1000000419
1000000426
1000000432
1000000438
1000000459
1000000490
1000000512
1000000556
1000000587
1000000598
1000000615
1000000638
1000000686
1000000730
1000000768
1000000783
1000000805
1000000835
1000000849
1000000867
1000000875
1000000892
1000000904
1000000908
1000000959
1000000985
1000001001
1000001023
1000001057
1000001075
1000001108
1000001132
1000001174
1000001187
1000001209
1000001231
1000001241
1000001244
1000001247
1000001275
1000001297
1000001305
1000001318
1000001337
1000001360
1000001381
1000001413
1000001420
1000001455
1000001468
1000001498
1000001504
1000001507
1000001540
1000001579
1000001592
1000001600
1000001609
1000001626
1000001640
1000001661
1000001716
1000001740
1000001757
1000001755
1000001762
1000001764
1000001778
1000001813
1000001848
1000001880
1000001892
1000001917
1000001924
1000001931
1000001992
1000002047
1000002072
1000002099
1000002109
1000002121
1000002129
1000002143
1000002150
1000002185
1000002197
1000002232
1000002261
1000002313
1000002323
1000002382
1000002405
1000002419
1000002449
1000002517
1000002542
1000002565
1000002581
1000002591
1000002600
1000002615
1000002670
1000002738
1000002763
1000002776
1000002773
1000002775
1000002843
1000002886
1000002941
1000002960
1000002966
1000002993
1000003003
1000003041
1000003056
1000003079
1000003097
1000003103
1000003107
1000003147
1000003183
1000003196
1000003198
1000003207
1000003213
1000003215
1000003222
1000003246
1000003276
1000003295
1000003301
1000003313
1000003319
1000003336
1000003400
1000003417
1000003456
1000003460
1000003497
1000003516
1000003522
1000003537
1000003556
1000003580
1000003590
1000003600
1000003614
1000003643
1000003681
1000003692
1000003706
1000003712
1000003722
1000003727
1000003771
1000003789
1000003809
1000003822
1000003827
1000003841
1000003851
1000003864
1000003882
1000003891
1000003900
1000003917
1000003931
1000003954
1000003988
1000004030
1000004054
1000004059
1000004128
1000004165
1000004189
1000004184
1000004191
1000004241
1000004261
1000004309
1000004320
1000004364
1000004378
1000004390
1000004419
1000004434
1000004447
1000004462
1000004490
1000004497
1000004506
1000004529
1000004537
1000004551
1000004556
1000004570
1000004610
1000004625
1000004643
1000004687
1000004703
1000004711
1000004712
1000004726
1000004757
1000004767
1000004772
1000004776
1000004786
1000004789
1000004808
1000004813
1000004818
1000004842
1000004853
1000004894
1000004903
1000004922
1000004945
1000004971
1000004988
1000005019
1000005050
1000005103
1000005120
1000005125
1000005146
1000005188
1000005207
1000005218
1000005230
1000005243
1000005255
1000005266
1000005275
1000005312
1000005323
1000005351
1000005357
1000005364
1000005363
1000005378
1000005400
1000005437
1000005455
1000005462
1000005490
1000005538
1000005563
1000005595
1000005638
1000005653
1000005664
1000005671
1000005697
1000005729
1000005739
1000005743
1000005752
1000005768
1000005803
1000005816
1000005852
1000005861
1000005868
1000005875
1000005878
1000005894
1000005901
1000005922
1000005932
1000005942
1000005944
1000005962
1000005993
1000006006
1000006031
1000006034
1000006076
1000006097
1000006118
1000006126
1000006132
1000006199
1000006219
1000006240
1000006249
1000006278
1000006295
1000006317
1000006323
1000006354
1000006360
1000006377
1000006431
1000006471
1000006484
1000006483
1000006501
1000006517
1000006555
1000006563
1000006593
1000006612
1000006647
1000006676
1000006730
1000006765
1000006799
1000006849
1000006861
1000006865
1000006871
1000006892
1000006914
1000006921
1000006973
1000007008
1000007034
1000007040
1000007049
1000007077
1000007098
1000007126
1000007134
1000007146
1000007165
1000007205
1000007236
1000007272
1000007280
1000007304
1000007315
1000007334
1000007339
1000007352
1000007363
1000007381
1000007397
1000007407
1000007415
1000007421
1000007439
1000007508
1000007536
1000007544
1000007537
1000007559
1000007587
1000007604
1000007623
1000007640
1000007655
1000007682
1000007701
1000007719
1000007751
1000007769
1000007790
1000007803
1000007808
1000007808
1000007817
1000007906
1000007964
1000007982
1000007982
1000007985
1000008002
1000008044
1000008061
1000008099
1000008131
1000008141
1000008148
1000008150
1000008181
1000008189
1000008216
1000008223
1000008267
1000008278
1000008295
1000008303
1000008312
1000008353
1000008383
1000008429
1000008465
1000008492
1000008510
1000008521
1000008531
1000008540
1000008548
1000008583
1000008597
1000008629
1000008642
1000008660
1000008665
1000008671
1000008677
1000008693
1000008717
1000008762
1000008786
1000008807
1000008831
1000008872
1000008883
1000008926
1000008946
1000008962
1000008964
1000008983
1000008996
1000009024
1000009045
1000009074
1000009087
1000009119
1000009139
1000009145
1000009150
1000009159
1000009179
1000009192
1000009221
1000009256
1000009268
1000009282
1000009298
1000009316
1000009328
1000009344
1000009374
1000009389
1000009392
1000009397
1000009413
1000009419
1000009424
1000009428
1000009434
1000009451
1000009457
1000009465
1000009484
1000009506
1000009524
1000009536
1000009564
1000009588
1000009598
1000009611
1000009640
1000009683
1000009715
1000009726
1000009805
1000009854
1000009892
1000009906
1000009922
1000009950
1000010000
1000010027
1000010043
1000010047
1000010078
1000010092
1000010102
1000010113
