0.0780184268951416
0.04400968551635742
0.04100942611694336
0.04200935363769531
0.041008949279785156
0.041010141372680664
0.042008399963378906
0.041008710861206055
0.04401135444641113
0.04100847244262695
0.040009498596191406
0.041008949279785156
0.04500985145568848
0.04401040077209473
0.042009830474853516
0.04100942611694336
0.04200887680053711
0.04100823402404785
0.04000997543334961
0.04501032829284668
0.040009498596191406
0.041008949279785156
0.041008710861206055
0.04100942611694336
0.05101132392883301
0.050011634826660156
0.04300999641418457
0.04500889778137207
0.04601025581359863
0.041010379791259766
0.04600977897644043
0.040008544921875
0.041010141372680664
0.04200911521911621
0.04100942611694336
0.04100942611694336
0.04100918769836426
0.041008949279785156
0.04100942611694336
0.04100847244262695
0.04400944709777832
0.04001021385192871
0.0400083065032959
0.04100990295410156
0.04100918769836426
0.041010141372680664
0.040007829666137695
0.04100990295410156
0.04100918769836426
0.040008544921875
0.04100966453552246
0.04404187202453613
0.04097723960876465
0.04100942611694336
0.04100942611694336
0.0400090217590332
0.041008710861206055
0.041008949279785156
0.04100942611694336
0.04100966453552246
0.04100799560546875
0.04101061820983887
0.04400944709777832
0.040009260177612305
0.042009592056274414
0.04100918769836426
0.04100799560546875
0.041010379791259766
0.04100823402404785
0.0400087833404541
0.04100942611694336
0.0400087833404541
0.04100966453552246
0.044008731842041016
0.04001021385192871
0.04100966453552246
0.04100823402404785
0.042014360427856445
0.04100441932678223
0.04100918769836426
0.041010141372680664
0.04100799560546875
0.04100990295410156
0.04400944709777832
0.16803812980651855
0.0400090217590332
0.040009260177612305
0.041008710861206055
0.04043865203857422
0.04100775718688965
0.04201006889343262
0.04100966453552246
0.041008949279785156
0.040009498596191406
0.041008710861206055
0.046010732650756836
0.04100942611694336
0.04401040077209473
0.04300880432128906
0.04100990295410156
0.04200911521911621
0.041008949279785156
0.04100918769836426
0.04100990295410156
0.040008544921875
0.04501056671142578
0.041008710861206055
0.04100918769836426
0.04000973701477051
0.041008949279785156
0.041008710861206055
0.04200935363769531
0.0400090217590332
0.04100990295410156
0.041008710861206055
0.040009260177612305
0.04500985145568848
0.04100990295410156
0.040008544921875
0.04100942611694336
0.04100823402404785
0.041010141372680664
0.04200911521911621
0.04100918769836426
0.05001258850097656
0.04300832748413086
0.04100942611694336
0.044010162353515625
0.04100942611694336
0.041008710861206055
0.0400090217590332
0.04100942611694336
0.040009498596191406
0.041008949279785156
0.04100966453552246
0.041008710861206055
0.04100918769836426
0.04300975799560547
0.0400087833404541
0.04100942611694336
0.04100918769836426
0.04100918769836426
0.04100942611694336
0.04100918769836426
0.04100918769836426
0.04200935363769531
0.04100942611694336
0.040008544921875
0.04401040077209473
0.04100918769836426
0.040009260177612305
0.04300975799560547
0.042009592056274414
0.04100942611694336
0.0400087833404541
0.04100942611694336
0.040008544921875
0.04100966453552246
0.0400087833404541
0.04400992393493652
0.04100918769836426
0.0400090217590332
0.04000973701477051
0.041008710861206055
0.04100918769836426
0.04200935363769531
0.04400992393493652
0.04100942611694336
0.0400080680847168
0.041010141372680664
0.048011064529418945
0.041008949279785156
0.0400087833404541
0.04100942611694336
0.04200935363769531
0.04100918769836426
0.0400090217590332
0.04100942611694336
0.04100918769836426
0.04100990295410156
0.043009281158447266
0.041008710861206055
0.040009260177612305
0.0400087833404541
0.04100942611694336
0.04100918769836426
0.0400090217590332
0.04100918769836426
0.0400090217590332
0.04100966453552246
0.041008710861206055
0.04300975799560547
0.04100966453552246
0.04100942611694336
0.04100799560546875
0.041010379791259766
0.040009260177612305
0.04100847244262695
0.041008949279785156
0.04100942611694336
0.04100942611694336
0.04100942611694336
0.04400968551635742
0.04100918769836426
0.04100990295410156
0.040008544921875
0.041008710861206055
0.04201054573059082
0.040008544921875
0.0400090217590332
0.0400090217590332
0.040009260177612305
0.04100918769836426
0.04400992393493652
0.04100942611694336
0.040009260177612305
0.043009281158447266
0.041008949279785156
0.04100942611694336
0.04100918769836426
0.0400090217590332
0.04000973701477051
0.04200887680053711
0.04400992393493652
0.0400090217590332
0.041008710861206055
0.04000973701477051
0.041008949279785156
0.04100918769836426
0.040009260177612305
0.04100918769836426
0.04100966453552246
0.04100847244262695
0.041010379791259766
0.04400968551635742
0.04100847244262695
0.040009260177612305
0.04100942611694336
0.0400087833404541
0.040009260177612305
0.041008949279785156
0.04100942611694336
0.0400087833404541
0.04501008987426758
0.0400090217590332
0.04501056671142578
0.040008544921875
0.04100918769836426
0.040008544921875
0.041010141372680664
0.04100918769836426
0.04300975799560547
0.04201078414916992
0.04100799560546875
0.0400083065032959
0.04101061820983887
0.044008731842041016
0.04100966453552246
0.0400087833404541
0.04100990295410156
0.04100847244262695
0.04000973701477051
0.04100918769836426
0.040008544921875
0.0400090217590332
0.04100966453552246
0.04400897026062012
0.04301023483276367
0.041010141372680664
0.04100823402404785
0.04100918769836426
0.040009498596191406
0.04100942611694336
0.04100918769836426
0.0400087833404541
0.04100942611694336
0.04100918769836426
0.043009281158447266
0.04000973701477051
0.0400083065032959
0.04100990295410156
0.041008710861206055
0.041008710861206055
0.04100847244262695
0.040009260177612305
0.040009260177612305
0.04100918769836426
0.04100942611694336
0.04400944709777832
0.040009498596191406
0.04100918769836426
0.04100847244262695
0.04100990295410156
0.0400087833404541
0.04201006889343262
0.040008544921875
0.04100942611694336
0.04100918769836426
0.040008544921875
0.04501056671142578
0.04100942611694336
0.04000973701477051
0.0400080680847168
0.04100966453552246
0.041008949279785156
0.041008949279785156
0.04000973701477051
0.04200911521911621
0.041008949279785156
0.04300951957702637
0.04100942611694336
0.04100966453552246
0.040008544921875
0.04100942611694336
0.04100918769836426
0.04100966453552246
0.04401040077209473
0.04100823402404785
0.04000973701477051
0.041008710861206055
0.04400992393493652
0.0400083065032959
0.041010379791259766
0.041008949279785156
0.04100942611694336
0.041008949279785156
0.04100942611694336
0.040008544921875
0.0400090217590332
0.041010379791259766
0.0400080680847168
0.04501008987426758
0.0400090217590332
0.0400090217590332
0.04100966453552246
0.04100942611694336
0.04200911521911621
0.040008544921875
0.04100942611694336
0.0400087833404541
0.04100942611694336
0.04100966453552246
0.04400944709777832
0.040009498596191406
0.040008544921875
0.04100918769836426
0.04000973701477051
0.041008710861206055
0.042009830474853516
0.0400087833404541
0.04200863838195801
0.040009498596191406
0.04401063919067383
0.040009260177612305
0.04100823402404785
0.04000973701477051
0.041008710861206055
0.0400090217590332
0.04100966453552246
0.041008949279785156
0.041008949279785156
0.04100918769836426
0.04100942611694336
0.04400944709777832
0.04100966453552246
0.04100942611694336
0.0400087833404541
0.04100942611694336
0.04000997543334961
0.042008399963378906
0.040009260177612305
0.0400087833404541
0.04100966453552246
0.04300951957702637
0.04400968551635742
0.04200887680053711
0.04000973701477051
0.04100918769836426
0.04100966453552246
0.04100918769836426
0.0400087833404541
0.041008949279785156
0.04100918769836426
0.04100942611694336
0.040009260177612305
0.04400992393493652
0.040009260177612305
0.041008949279785156
0.04100966453552246
0.04400968551635742
0.041008710861206055
0.04100966453552246
0.0400087833404541
0.042009830474853516
0.043009281158447266
0.04401040077209473
0.041008710861206055
0.04100918769836426
0.042009592056274414
0.0400090217590332
0.042009830474853516
0.04100942611694336
0.04100942611694336
0.04100847244262695
0.04100966453552246
0.040008544921875
0.04400944709777832
0.040009498596191406
0.04100918769836426
0.04100942611694336
0.04100942611694336
0.04100823402404785
0.04100942611694336
0.041010141372680664
0.04100823402404785
0.04100918769836426
0.040009498596191406
0.04400968551635742
0.04000973701477051
0.040008544921875
0.04100942611694336
0.0400090217590332
0.041008710861206055
0.0400083065032959
0.041010141372680664
0.04100966453552246
0.041008710861206055
0.040009260177612305
0.04500985145568848
0.0400090217590332
0.040009260177612305
0.041008949279785156
0.04100966453552246
0.041008949279785156
0.04100918769836426
0.040009260177612305
0.04100966453552246
0.041008710861206055
0.04300975799560547
0.0400090217590332
0.041008710861206055
0.0400090217590332
0.04100966453552246
0.04100918769836426
0.040009260177612305
0.04100847244262695
0.04100918769836426
0.040009260177612305
0.04100918769836426
0.04400992393493652
0.042009830474853516
0.040008544921875
0.040009260177612305
0.0400090217590332
0.04100990295410156
0.0400083065032959
0.040009260177612305
0.04400968551635742
0.04400968551635742
0.0400090217590332
0.04401063919067383
0.04200935363769531
0.042009592056274414
0.04100847244262695
0.040009260177612305
0.04100990295410156
0.040008544921875
0.0400090217590332
0.04100942611694336
0.040009260177612305
0.040008544921875
0.04400992393493652
0.040009498596191406
0.04100942611694336
0.04100847244262695
0.04201006889343262
0.041008949279785156
0.04100942611694336
0.041008710861206055
0.04000973701477051
0.041008710861206055
0.044010162353515625
0.040009260177612305
0.040008544921875
0.04100918769836426
0.043009281158447266
0.05201292037963867
0.046009063720703125
0.040009260177612305
0.04100966453552246
0.04100942611694336
0.0400087833404541
0.04501008987426758
0.04100918769836426
0.04001045227050781
0.044008493423461914
0.04300975799560547
0.040009498596191406
0.040008544921875
0.041008949279785156
