0.1250293254852295
0.04600834846496582
0.04501032829284668
0.04501008987426758
0.04500985145568848
0.047011613845825195
0.045009613037109375
0.045009613037109375
0.04401040077209473
0.04501032829284668
0.045009613037109375
0.04400992393493652
0.04501008987426758
0.04601025581359863
0.04501032829284668
0.04701066017150879
0.050011396408081055
0.050011396408081055
0.046010494232177734
0.04501008987426758
0.04800987243652344
0.06201481819152832
0.052011728286743164
0.04701042175292969
0.046010494232177734
0.04400992393493652
0.05201125144958496
0.04400920867919922
0.04801201820373535
0.04501080513000488
0.04500865936279297
0.04501080513000488
0.046010732650756836
0.04501056671142578
0.04400920867919922
0.04400992393493652
0.044008493423461914
0.04801225662231445
0.04600954055786133
0.04401135444641113
0.044010162353515625
0.04801058769226074
0.047009944915771484
0.045011043548583984
0.04501008987426758
0.04501032829284668
0.044008731842041016
0.04501008987426758
0.04801154136657715
0.044010162353515625
0.04701423645019531
0.04400634765625
0.04501008987426758
0.04500937461853027
0.04300975799560547
0.04501152038574219
0.045009613037109375
0.04501008987426758
0.05401158332824707
0.04301023483276367
0.04501032829284668
0.04701066017150879
0.047010183334350586
0.046010732650756836
0.04600977897644043
0.046010494232177734
0.04801177978515625
0.047010183334350586
0.04901123046875
0.04801058769226074
0.046010732650756836
0.04501008987426758
0.048010826110839844
0.04801034927368164
0.04701113700866699
0.04601144790649414
0.045008182525634766
0.046010732650756836
0.044010162353515625
0.045009613037109375
0.05740785598754883
0.04735517501831055
0.06601619720458984
0.11702466011047363
0.06501436233520508
0.05001115798950195
0.05101203918457031
0.04801225662231445
0.04600811004638672
0.05101180076599121
0.05001258850097656
0.05401110649108887
0.05001187324523926
0.04801201820373535
0.04700899124145508
0.04801130294799805
0.050011634826660156
0.0490109920501709
0.04701113700866699
0.04601001739501953
0.04800987243652344
0.05601358413696289
0.0490109920501709
0.05101180076599121
0.04801058769226074
0.04700946807861328
0.04401040077209473
0.04500937461853027
0.045011043548583984
0.048010826110839844
0.046010732650756836
0.05201148986816406
0.05101203918457031
0.04700875282287598
0.04601097106933594
0.04501032829284668
0.047011375427246094
0.04800987243652344
0.04601335525512695
0.0440065860748291
0.04501032829284668
0.04501056671142578
0.04601025581359863
0.051010847091674805
0.04601120948791504
0.04601025581359863
0.04501008987426758
0.04700970649719238
0.055013179779052734
0.046010494232177734
0.04500985145568848
0.04401111602783203
0.04500937461853027
0.04501056671142578
0.047009944915771484
0.04601097106933594
0.04500985145568848
0.04600977897644043
0.04501080513000488
0.04701066017150879
0.04400992393493652
0.04301023483276367
0.04300880432128906
0.04300999641418457
0.04801177978515625
0.04500937461853027
0.043009281158447266
0.0490107536315918
0.04701042175292969
0.04601097106933594
0.04601001739501953
0.04601311683654785
0.04800772666931152
0.050011396408081055
0.0510103702545166
0.057013511657714844
0.04701066017150879
0.04901123046875
0.04500865936279297
0.04501056671142578
0.05001258850097656
0.04500937461853027
0.04801034927368164
0.04801058769226074
0.044010162353515625
0.04400992393493652
0.049010276794433594
0.044010162353515625
0.04400992393493652
0.045009613037109375
0.04501080513000488
0.046010494232177734
0.04500985145568848
0.04401063919067383
0.04601025581359863
0.04701042175292969
0.04901242256164551
0.05000925064086914
0.04601025581359863
0.05201315879821777
0.04500865936279297
0.04601144790649414
0.04601025581359863
0.046010732650756836
0.047011613845825195
0.04700899124145508
0.04800987243652344
0.0490109920501709
0.0470118522644043
0.05501294136047363
0.04901003837585449
0.04601097106933594
0.05401158332824707
0.04701113700866699
0.05001068115234375
0.04400920867919922
0.04201030731201172
0.04100942611694336
0.04500985145568848
0.04200887680053711
0.04301023483276367
0.042009592056274414
0.04100966453552246
0.042008399963378906
0.04100918769836426
0.04301047325134277
0.046010732650756836
0.04400920867919922
0.04300999641418457
0.048010826110839844
0.042009592056274414
0.042009592056274414
0.042009830474853516
0.04100751876831055
0.04100966453552246
0.04401040077209473
0.042009592056274414
0.04400920867919922
0.04201078414916992
0.043009042739868164
0.04701066017150879
0.043010711669921875
0.042008399963378906
0.04100799560546875
0.04201054573059082
0.04100823402404785
0.04201030731201172
0.04301023483276367
0.04300832748413086
0.04201078414916992
0.044008731842041016
0.04401063919067383
0.0400080680847168
0.043010711669921875
0.04100942611694336
0.043009281158447266
0.04400920867919922
0.04201102256774902
0.04500937461853027
0.04300999641418457
0.04401755332946777
0.05600476264953613
0.04300999641418457
0.05901479721069336
0.04400825500488281
0.05001115798950195
0.055011749267578125
0.05301189422607422
0.05001354217529297
0.04400801658630371
0.04300975799560547
0.04100942611694336
0.04501008987426758
0.042009592056274414
0.042009592056274414
0.044008731842041016
0.04801225662231445
0.04300975799560547
0.04200935363769531
0.04200911521911621
0.047010183334350586
0.04400968551635742
0.049011945724487305
0.047011375427246094
0.044008731842041016
0.04400944709777832
0.049011945724487305
0.04400944709777832
0.046010732650756836
0.046010494232177734
0.04300951957702637
0.0490117073059082
0.04400920867919922
0.046009063720703125
0.04100966453552246
0.04201006889343262
0.04301023483276367
0.04701113700866699
0.04700660705566406
0.043009281158447266
0.04201030731201172
0.041008710861206055
0.04401111602783203
0.04200863838195801
0.046009063720703125
0.041010141372680664
0.042009830474853516
0.04200935363769531
0.04100942611694336
0.04200935363769531
0.04300880432128906
0.04401063919067383
0.042009830474853516
0.04200935363769531
0.04501032829284668
0.047010183334350586
0.043009042739868164
0.04601001739501953
0.04401040077209473
0.04300975799560547
0.04200887680053711
0.04201078414916992
0.04400944709777832
0.06101346015930176
0.047011375427246094
0.04400968551635742
0.05201148986816406
0.044010162353515625
0.04300951957702637
0.04100966453552246
0.04300951957702637
0.04100942611694336
0.04100918769836426
0.04200887680053711
0.04401063919067383
0.04400944709777832
0.050011634826660156
0.043009281158447266
0.04301047325134277
0.04400920867919922
0.04300951957702637
0.04300999641418457
0.042008399963378906
0.04301095008850098
0.042008161544799805
0.04301142692565918
0.04200887680053711
0.046010494232177734
0.052010536193847656
0.04801201820373535
0.04300951957702637
0.04300975799560547
0.04300951957702637
0.044010162353515625
0.04300951957702637
0.04200887680053711
0.04200935363769531
0.04201006889343262
0.04501008987426758
0.04100847244262695
0.04201006889343262
0.04201006889343262
0.04200911521911621
0.04200935363769531
0.042009592056274414
0.04200935363769531
0.04201030731201172
0.04300856590270996
0.04100918769836426
0.044010162353515625
0.04100918769836426
0.041010141372680664
0.04200887680053711
0.04100918769836426
0.04100823402404785
0.04101085662841797
0.041008949279785156
0.0400090217590332
0.042008161544799805
0.045011043548583984
0.04100966453552246
0.0400090217590332
0.041008710861206055
0.041008949279785156
0.04100918769836426
0.04201030731201172
0.04100799560546875
0.041010379791259766
0.04201054573059082
0.04100990295410156
0.04500842094421387
0.041008949279785156
0.041008710861206055
0.04100990295410156
0.04100918769836426
0.04100990295410156
0.042009592056274414
0.04100775718688965
0.04000997543334961
0.041008949279785156
0.04200935363769531
0.0490114688873291
0.041008710861206055
0.04100918769836426
0.04100942611694336
0.041008710861206055
0.041008949279785156
0.04201078414916992
0.04100823402404785
0.04100990295410156
0.04200935363769531
0.04100823402404785
0.04401087760925293
0.04100966453552246
0.0400087833404541
0.04100966453552246
0.04200911521911621
0.04100918769836426
0.04100918769836426
0.04100918769836426
0.0400090217590332
0.0400090217590332
0.04701042175292969
0.04200887680053711
0.04201006889343262
0.04100847244262695
0.043010711669921875
0.042009830474853516
0.04200887680053711
0.041008710861206055
0.04100966453552246
0.042009830474853516
0.04100918769836426
0.04500889778137207
0.04201006889343262
0.04301023483276367
0.043009281158447266
0.04201006889343262
0.041008949279785156
0.04200935363769531
0.04100847244262695
0.04001045227050781
0.041008949279785156
0.04100990295410156
0.04501008987426758
0.04200935363769531
0.04100847244262695
0.04100990295410156
0.04200935363769531
0.042009592056274414
0.04100918769836426
0.04100942611694336
0.041008949279785156
0.04100942611694336
0.04200887680053711
0.04401063919067383
0.041008710861206055
0.04100942611694336
0.04200911521911621
0.04201030731201172
0.041008949279785156
0.041008949279785156
0.04100966453552246
0.04100942611694336
0.04100918769836426
0.04500985145568848
0.0400087833404541
0.04100942611694336
0.04100942611694336
0.041008949279785156
0.04100847244262695
0.04100990295410156
0.04100918769836426
0.04400992393493652
0.04100942611694336
0.04200863838195801
0.04401040077209473
0.04100966453552246
0.04100918769836426
0.04100942611694336
0.04100918769836426
0.041008949279785156
0.04401040077209473
0.042008399963378906
0.04101061820983887
0.04100847244262695
0.04100918769836426
0.051012516021728516
0.04400944709777832
0.04100942611694336
0.041008949279785156
0.04100966453552246
0.04100847244262695
0.04200863838195801
0.04100918769836426
0.041010141372680664
0.041008949279785156
0.04200935363769531
0.04501032829284668
0.04100942611694336
0.042009830474853516
0.04200863838195801
0.04501080513000488
0.04400992393493652
0.041008710861206055
0.04201030731201172
0.041008949279785156
0.042009830474853516
0.04400968551635742
0.04200863838195801
0.041010141372680664
0.04100918769836426
0.04100847244262695
0.04401350021362305
0.043006181716918945
0.04301047325134277
0.04200911521911621
0.04801130294799805
0.043009281158447266
0.04400968551635742
