499
503
509
519
523
538
546
556
564
569
572
576
584
591
599
602
606
611
616
619
628
637
643
648
652
657
660
670
675
682
689
698
707
717
725
732
738
742
748
754
759
766
771
782
793
805
811
819
821
825
828
834
846
854
859
862
871
877
882
886
898
906
917
926
933
939
944
949
960
967
975
980
986
993
1003
1009
1016
1019
1025
1029
1035
1043
1047
1056
1059
1065
1078
1085
1092
1094
1097
1103
1111
1118
1124
1141
1148
1159
1166
1174
1182
1188
1195
1205
1212
1219
1224
1226
1231
1241
1251
1268
1275
1280
1284
1285
1291
1295
1297
1301
1310
1314
1321
1346
1357
1370
1377
1388
1400
1415
1422
1425
1427
1431
1438
1444
1447
1452
1461
1471
1477
1482
1483
1485
1490
1500
1512
1523
1535
1541
1547
1552
1558
1563
1570
1575
1586
1592
1599
1602
1605
1610
1613
1618
1626
1643
1653
1661
1663
1678
1686
1693
1701
1708
1714
1724
1731
1737
1744
1749
1763
1772
1779
1782
1789
1798
1811
1821
1835
1848
1858
1864
1865
1867
1869
1876
1887
1896
1903
1917
1922
1937
1941
1958
1967
1977
1983
1986
1989
1992
1998
2004
2014
2018
2027
2038
2049
2058
2069
2072
2076
2078
2085
2095
2101
2115
2119
2126
2130
2131
2139
2146
2162
2184
2195
2204
2209
2220
2226
2232
2238
2249
2256
2262
2267
2272
2279
2284
2293
2297
2315
2324
2330
2335
2337
2342
2354
2362
2368
2371
2374
2378
2384
2394
2401
2409
2420
2426
2433
2443
2450
2458
2463
2482
2500
2516
2527
2530
2534
2536
2541
2557
2571
2580
2593
2599
2606
2616
2627
2639
2645
2649
2654
2659
2666
2671
2673
2677
2681
2688
2694
2698
2702
2710
2714
2723
2731
2736
2748
2757
2770
2776
2781
2784
2786
2798
2811
2820
2828
2833
2838
2844
2857
2867
2879
2886
2891
2898
2907
2918
2932
2940
2946
2951
2953
2973
2981
2993
3001
3004
3016
3021
3030
3040
3047
3058
3064
3070
3085
3096
3104
3116
3135
3147
3154
3161
3165
3171
3181
3187
3196
3201
3208
3225
3232
3239
3241
3247
3269
3279
3290
3294
3297
3302
3307
3310
3319
3325
3336
3340
3349
3352
3364
3369
3383
3391
3407
3423
3435
3442
3443
3445
3447
3462
3473
3488
3496
3504
3507
3511
3516
3518
3523
3531
3536
3546
3555
3561
3570
3580
3588
3595
3600
3606
3612
3619
3632
3644
3651
3656
3664
3671
3678
3685
3692
3701
3709
3715
3731
3741
3748
3755
3764
3772
3779
3792
3797
3808
3819
3825
3830
3837
3847
3855
3864
3878
3884
3893
3895
3897
3902
3905
3915
3920
3936
3957
3973
3981
3984
3986
3991
3995
4000
4016
4023
4032
4044
4050
4063
4068
4072
4081
4095
4102
4108
4112
4121
4129
4133
4146
4165
4181
4193
4195
4200
4203
4211
4215
4223
4230
4233
4242
4244
4253
4259
4267
4290
4305
4314
4322
