0.06606698036193848
0.04401087760925293
0.04100823402404785
0.04100966453552246
0.04100918769836426
0.0400083065032959
0.04201006889343262
0.0400090217590332
0.042009592056274414
0.041008949279785156
0.04001021385192871
0.04100799560546875
0.046010732650756836
0.040009498596191406
0.040008544921875
0.04100918769836426
0.04100918769836426
0.0400090217590332
0.04100942611694336
0.040009260177612305
0.041008710861206055
0.04100918769836426
0.0400090217590332
0.04701089859008789
0.06001424789428711
0.04800987243652344
0.04501008987426758
0.042009830474853516
0.041008949279785156
0.04100918769836426
0.04100918769836426
0.045012474060058594
0.041007280349731445
0.04400968551635742
0.04100966453552246
0.041008949279785156
0.04100942611694336
0.04100942611694336
0.041008710861206055
0.04200935363769531
0.040009260177612305
0.04100918769836426
0.041008949279785156
0.040009260177612305
0.04400992393493652
0.04100942611694336
0.0400087833404541
0.04100990295410156
0.041008710861206055
0.0400090217590332
0.0400090217590332
0.041008949279785156
0.040009260177612305
0.041010141372680664
0.0400083065032959
0.04501056671142578
0.0400080680847168
0.04100942611694336
0.040009260177612305
0.041008710861206055
0.04100942611694336
0.04100966453552246
0.0400087833404541
0.04100966453552246
0.040008544921875
0.041008949279785156
0.04501056671142578
0.040009498596191406
0.040009260177612305
0.04100823402404785
0.0400090217590332
0.04100990295410156
0.04100966453552246
0.04100847244262695
0.04100942611694336
0.0400087833404541
0.044010162353515625
0.041008949279785156
0.040009260177612305
0.041008949279785156
0.04100918769836426
0.04100942611694336
0.04100942611694336
0.041008710861206055
0.04100942611694336
0.04100918769836426
0.040009498596191406
0.04400944709777832
0.040009260177612305
0.04100918769836426
0.04100847244262695
0.040009260177612305
0.0400087833404541
0.04100918769836426
0.040009498596191406
0.041008949279785156
0.040009498596191406
0.04200935363769531
0.0490109920501709
0.0400090217590332
0.041008710861206055
0.04100918769836426
0.04100942611694336
0.0400090217590332
0.04301023483276367
0.04200887680053711
0.040009260177612305
0.04200911521911621
0.04100942611694336
0.044010162353515625
0.041008710861206055
0.040009498596191406
0.04201030731201172
0.04100847244262695
0.04100942611694336
0.04100942611694336
0.041008710861206055
0.041008949279785156
0.04100990295410156
0.04400944709777832
0.040009260177612305
0.040008544921875
0.041010141372680664
0.04200887680053711
0.0400090217590332
0.041008949279785156
0.04100918769836426
0.041008949279785156
0.06601452827453613
0.06201577186584473
0.06601309776306152
0.04200911521911621
0.04100918769836426
0.04100918769836426
0.0400087833404541
0.04100966453552246
0.041008949279785156
0.040009260177612305
0.04100918769836426
0.040009260177612305
0.0400080680847168
0.04401040077209473
0.0400087833404541
0.042009830474853516
0.04100942611694336
0.040008544921875
0.042009830474853516
0.04100918769836426
0.0400090217590332
0.042009592056274414
0.041008949279785156
0.04200935363769531
0.044010162353515625
0.0400087833404541
0.04100918769836426
0.040009498596191406
0.041008949279785156
0.0400087833404541
0.04100942611694336
0.0400090217590332
0.041008949279785156
0.040009260177612305
0.04400992393493652
0.04100942611694336
0.0400090217590332
0.041008949279785156
0.04100966453552246
0.0400087833404541
0.04000973701477051
0.041008710861206055
0.04100942611694336
0.04200935363769531
0.04100918769836426
0.044010162353515625
0.0400087833404541
0.04100942611694336
0.042009830474853516
0.041008710861206055
0.04100918769836426
0.04100918769836426
0.0400090217590332
0.042009592056274414
0.04100918769836426
0.0400090217590332
0.04601025581359863
0.04100942611694336
0.041008949279785156
0.04100990295410156
0.04200935363769531
0.040009260177612305
0.04100847244262695
0.0400090217590332
0.04100990295410156
0.041008710861206055
0.040009498596191406
0.045009613037109375
0.04100918769836426
0.04100942611694336
0.04100918769836426
0.04100918769836426
0.04100990295410156
0.04100847244262695
0.040009498596191406
0.04100847244262695
0.04000997543334961
0.04400944709777832
0.040009260177612305
0.0400090217590332
0.04000997543334961
0.04100847244262695
0.04100942611694336
0.040009260177612305
0.04100799560546875
0.04100990295410156
0.04200935363769531
0.04100918769836426
0.04401040077209473
0.04100918769836426
0.040008544921875
0.040009260177612305
0.04100918769836426
0.042009592056274414
0.040009260177612305
0.04200911521911621
0.04100942611694336
0.040008544921875
0.040009260177612305
0.044010162353515625
0.041008710861206055
0.04100918769836426
0.04100966453552246
0.0400087833404541
0.04100918769836426
0.040009498596191406
0.041008949279785156
0.04201030731201172
0.04100823402404785
0.04100918769836426
0.04300975799560547
0.041010379791259766
0.04100799560546875
0.040009260177612305
0.041008949279785156
0.04100942611694336
0.0400087833404541
0.04100918769836426
0.0490114688873291
0.041008949279785156
0.04801130294799805
0.041008710861206055
0.04100918769836426
0.0400090217590332
0.04100942611694336
0.0400090217590332
0.04100966453552246
0.0400087833404541
0.041010379791259766
0.040007591247558594
0.04100918769836426
0.044010162353515625
0.04200935363769531
0.0400090217590332
0.04100918769836426
0.04100942611694336
0.040009498596191406
0.04100847244262695
0.04100918769836426
0.04100942611694336
0.04100918769836426
0.040009260177612305
0.04400968551635742
0.04100918769836426
0.041010379791259766
0.0400083065032959
0.04100966453552246
0.04100847244262695
0.04100966453552246
0.04100918769836426
0.0400087833404541
0.04100918769836426
0.04000973701477051
0.04500937461853027
0.040009260177612305
0.041008949279785156
0.040009498596191406
0.0400090217590332
0.040009260177612305
0.040008544921875
0.04100966453552246
0.04100918769836426
0.040009498596191406
0.04501032829284668
0.040008544921875
0.041008949279785156
0.040009260177612305
0.042009830474853516
0.04100918769836426
0.04200911521911621
0.040009260177612305
0.041008710861206055
0.040009498596191406
0.040009260177612305
0.04400944709777832
0.0400090217590332
0.040009498596191406
0.040008544921875
0.04100990295410156
0.0400083065032959
0.04100918769836426
0.0400087833404541
0.041010141372680664
0.0400087833404541
0.041008949279785156
0.04501032829284668
0.04100942611694336
0.041008710861206055
0.04100942611694336
0.04100918769836426
0.0400090217590332
0.040008544921875
0.041010141372680664
0.04200887680053711
0.04100966453552246
0.040009260177612305
0.04501008987426758
0.041008710861206055
0.040009498596191406
0.04100918769836426
0.040009498596191406
0.04100847244262695
0.04100918769836426
0.04100966453552246
0.04100966453552246
0.041008710861206055
0.04400992393493652
0.041008949279785156
0.0400090217590332
0.04100942611694336
0.04100918769836426
0.04100918769836426
0.04701066017150879
0.05001068115234375
0.042009830474853516
0.04100942611694336
0.04100966453552246
0.05001115798950195
0.04400920867919922
0.04100966453552246
0.040009260177612305
0.041008949279785156
0.0400087833404541
0.040009260177612305
0.040009260177612305
0.0400090217590332
0.04100990295410156
0.0400080680847168
0.04501080513000488
0.0400087833404541
0.04200935363769531
0.0400087833404541
0.04100990295410156
0.041008710861206055
0.040009498596191406
0.0400083065032959
0.040009260177612305
0.04100918769836426
0.04000973701477051
0.04400992393493652
0.0400083065032959
0.04100942611694336
0.04300951957702637
0.041010379791259766
0.04100823402404785
0.0400087833404541
0.04201030731201172
0.040008544921875
0.04100918769836426
0.04400968551635742
0.040009260177612305
0.04100918769836426
0.04100918769836426
0.04100918769836426
0.042009830474853516
0.04100918769836426
0.0400087833404541
0.04100918769836426
0.04100966453552246
0.0400090217590332
0.04500985145568848
0.040009260177612305
0.04100918769836426
0.040009498596191406
0.04200887680053711
0.04100966453552246
0.04400944709777832
0.04000973701477051
0.04100847244262695
0.04100918769836426
0.04100942611694336
0.04400992393493652
0.0400090217590332
0.0400090217590332
0.04100966453552246
0.041008949279785156
0.04100942611694336
0.041008710861206055
0.0400090217590332
0.04100990295410156
0.0400087833404541
0.04100918769836426
0.04400968551635742
0.0400090217590332
0.04100966453552246
0.043010711669921875
0.04100823402404785
0.04100942611694336
0.04200911521911621
0.0400090217590332
0.041008949279785156
0.04100942611694336
0.043009281158447266
0.041008949279785156
0.041010379791259766
0.040008544921875
0.04100942611694336
0.041008949279785156
0.04100918769836426
0.040009260177612305
0.04200935363769531
0.0400090217590332
0.040009498596191406
0.04400944709777832
0.04100990295410156
0.0400083065032959
0.0400090217590332
0.04100966453552246
0.040008544921875
0.04100942611694336
0.0400090217590332
0.041008949279785156
0.04100942611694336
0.04100918769836426
0.04501080513000488
0.04100847244262695
0.040009260177612305
0.0400090217590332
0.041008949279785156
0.04100918769836426
0.042009830474853516
0.040009260177612305
0.041008949279785156
0.0400090217590332
0.04100918769836426
0.04300951957702637
0.04100942611694336
0.04100942611694336
0.040009498596191406
0.041008949279785156
0.040009260177612305
0.040008544921875
0.040009260177612305
0.0400087833404541
0.04100966453552246
0.04400992393493652
0.041008949279785156
0.040009498596191406
0.04200911521911621
0.04501008987426758
0.0400087833404541
0.04100942611694336
0.04100918769836426
0.046010732650756836
0.04200935363769531
0.0400087833404541
0.044010162353515625
0.040009498596191406
0.041008949279785156
0.041008710861206055
0.04400992393493652
0.04100990295410156
0.04100918769836426
0.04200911521911621
0.04100942611694336
0.041008949279785156
0.04100918769836426
0.04401063919067383
0.04100847244262695
0.040009260177612305
0.04100942611694336
0.04200887680053711
0.04100918769836426
0.04100942611694336
0.0400090217590332
0.04100990295410156
0.04100847244262695
0.040009260177612305
0.04701066017150879
0.04200935363769531
0.040009260177612305
0.04200935363769531
