0.0001169999595731497
0.0000739999813959002
0.0000728999730199575
0.0000761999981477857
0.0000763999996706843
0.0000777000095695257
0.0000788999604992568
0.0000794999650679529
0.0000796000240370631
0.0000813000369817019
0.0000873000244610012
0.0000842000008560717
0.0000852000084705651
0.0000846000039018691
0.0000864999601617455
0.0000867000198923051
0.0000880999723449349
0.0000904999906197190
0.0000914999982342124
0.0000923000043258071
0.0000957000302150846
0.0000948000233620405
0.0000945999636314809
0.0000958000309765339
0.0000954000279307365
0.0000982999918051064
0.0000991999986581504
0.0000998000032268465
0.0001014000154100358
0.0001030000275932252
0.0001052999868988991
0.0001069999998435378
0.0001075000036507845
0.0001091000158339739
0.0001096999621950090
0.0001108000287786126
0.0001123000402003527
0.0001130000455304980
0.0001134000485762954
0.0001154000055976212
0.0001168000162579119
0.0001191000337712467
0.0001206999877467752
0.0001241999561898410
0.0001226000022143126
0.0001250999630428851
0.0001253000227734447
0.0001266999752260745
0.0001304000033996999
0.0001285000471398234
0.0001298999995924532
0.0001317000132985413
0.0001362999901175499
0.0001335999695584178
0.0001365999924018979
0.0001387000083923340
0.0001378000015392900
0.0001388000091537833
0.0001422999775968492
0.0001430999836884439
0.0001458000042475760
0.0001465999521315098
0.0001470000133849680
0.0001481999643146992
0.0001661999849602580
0.0001513999886810780
0.0001526999985799193
0.0001546999556012452
0.0001590999891050160
0.0002375000040046871
0.0001917000045068562
0.0001583999837748706
0.0001606000005267560
0.0001612000050954521
0.0001699000131338835
0.0001628000172786415
0.0001641000271774828
0.0001628999598324299
0.0001720999716781080
0.0001698000123724341
0.0001696000108495355
0.0001722000306472182
0.0001701999572105706
0.0001723999739624560
0.0001748999929986894
0.0001791000249795616
0.0001766000059433281
0.0001762000028975308
0.0001785999629646540
0.0001806000364013016
0.0001862000208348036
0.0001853000139817595
0.0001954000326804817
0.0001941999653354287
0.0001858000177890062
0.0001877999748103321
0.0001927000121213496
0.0001921000075526536
0.0001946999691426754
0.0001958000357262790
0.0002065000007860363
0.0002002000110223889
0.0002000999520532787
0.0002038000384345651
0.0002036000369116664
0.0002036000369116664
0.0002071999479085207
0.0002083000144921243
0.0002093999646604061
0.0002128999913111329
0.0002130999928340316
0.0002201999886892736
0.0002163000172004104
0.0002153000095859170
0.0002157000126317143
0.0002172000240534544
0.0002166999620385468
0.0002183000324293971
0.0002209999947808683
0.0002207999932579696
0.0002249000244773924
0.0002336000325158238
0.0002297000028192997
0.0002321000210940838
0.0002345999819226563
0.0002356999902985990
0.0002383000100962818
0.0002403000253252685
0.0002432999899610877
0.0002440000534988940
0.0002426000428386033
0.0002428000443615019
0.0002482000272721052
0.0002488999743945897
0.0002461000112816691
0.0002450000029057264
0.0002486000303179026
0.0002480000257492065
0.0002526000025682151
0.0002526000025682151
0.0002521999995224178
0.0002547000185586512
0.0002526000025682151
0.0002552000223658979
0.0002797000342980027
0.0002692000125534832
0.0002617000136524439
0.0002624000189825892
0.0002663000486791134
0.0002672999980859458
0.0002672999980859458
0.0002676000003702939
0.0002697000163607299
0.0002712999703362584
0.0002736999886110425
0.0002748999977484345
0.0002771000145003200
0.0002754999441094697
0.0002768000122159719
0.0002792999730445445
0.0002807999844662845
0.0002790999715216458
0.0002969999914057553
0.0002864999696612358
0.0002857000217773020
0.0002875999780371785
0.0002875999780371785
0.0002959999837912619
0.0002970999921672046
0.0003003999590873718
0.0002946000313386321
0.0003055999986827374
0.0003024000325240195
0.0003149000112898648
0.0003055999986827374
0.0003043999895453453
0.0003103999770246446
0.0003097000299021602
0.0003097000299021602
0.0003125999937765300
0.0003120000474154949
0.0003124000504612923
0.0003154000150971115
0.0003158999606966972
0.0003184000379405916
0.0003216000040993094
0.0003236000193282962
0.0003259000368416309
0.0003291000030003488
0.0003282999969087541
0.0003284999984316528
0.0003309000167064369
0.0003320000250823796
0.0003327999729663134
0.0003396000247448683
0.0003326000296510756
0.0003392999642528594
0.0003500999882817268
0.0003454000107012689
0.0003471000236459076
0.0003467999631538987
0.0003520000027492642
0.0003511999966576695
0.0003519000019878149
0.0003535000141710043
0.0003549000248312950
0.0003609000123105943
0.0003561999765224755
0.0003608000115491450
0.0003590999986045063
0.0003618000191636384
0.0003649999853223562
0.0003658999921754003
0.0003651999868452549
0.0003764999564737082
0.0003725999849848449
0.0003738999948836863
0.0003772000200115144
0.0003718000371009111
0.0003761999541893601
0.0003762000123970211
0.0003782999701797962
0.0003771000192500651
0.0003831000067293644
0.0003843000158667564
0.0003843999584205449
0.0003850000211969018
0.0003906000056304038
0.0003866999759338796
0.0003904000041075051
0.0003902000025846064
0.0003992999554611742
0.0003998000174760818
0.0003990000113844872
0.0004031999851576984
0.0004069000133313239
0.0004075999604538083
0.0004088000277988613
0.0004073000163771212
0.0004236999666318297
0.0004195999936200678
0.0004140000091865659
0.0004156000213697553
0.0004183999844826758
0.0004172999761067331
0.0004177999799139798
0.0004199999966658652
0.0004215000080876052
0.0004261000431142747
0.0004270000499673188
0.0004272999940440059
0.0004337999853305519
0.0004288000054657459
0.0004306000191718340
0.0004324000328779221
0.0004350999952293932
0.0004369000089354813
0.0004413999849930406
0.0004387999651953578
0.0004387000226415694
0.0004401999758556485
0.0004395999712869525
0.0004427999956533313
0.0004416999872773886
0.0004430999979376793
0.0004516999470070004
0.0004494999884627759
0.0004559999797493219
0.0004505999968387187
0.0004559999797493219
0.0004543000250123441
0.0004717000410892069
0.0004684000159613788
0.0004680000129155815
0.0004690000205300748
0.0004686999600380659
0.0004789000377058983
0.0004699000273831189
0.0004718999844044447
0.0004719999851658940
0.0004791999817825854
0.0004784999764524400
0.0004802999901585281
0.0004821000038646162
0.0005199000006541610
0.0004854000289924443
0.0004888999974355102
0.0004907000111415982
0.0004916999605484307
0.0004920000210404396
0.0004961999948136508
0.0004939000355079770
0.0005002000252716243
0.0004972000024281442
0.0004997000214643776
0.0005077999667264521
0.0005042999982833862
0.0005063000135123730
0.0005033000488765538
0.0005019000382162631
0.0005044999998062849
0.0005092000355944037
0.0005070000188425183
0.0005065999575890601
0.0005091000348329544
0.0005107999895699322
0.0005134000093676150
0.0005145999602973461
0.0005340999923646450
0.0005218000151216984
0.0005220000166445971
0.0005381999653764069
0.0005353000015020370
0.0005802999949082732
0.0005408999859355390
0.0005476999795064330
0.0005442000110633671
0.0005499999970197678
0.0005538000259548426
0.0005559000419452786
0.0005539000267162919
0.0005608999636024237
0.0005629999795928597
0.0005617000279016793
0.0005679000169038773
0.0005619999719783664
0.0005685000214725733
0.0005713000427931547
0.0005700000328943133
0.0005707999807782471
0.0005715999868698418
0.0005798999918624759
0.0005782999796792865
0.0005848999717272818
0.0005782999796792865
0.0005829000147059560
0.0005961999995633960
0.0005737000028602779
0.0005776000325568020
0.0005763000226579607
0.0006066999631002545
0.0005902000120840967
0.0005812000017613173
0.0005928000318817794
0.0005840999656356871
0.0005915999645367265
0.0005909000174142420
0.0005921999691054225
0.0005975000094622374
0.0005964000010862947
0.0006116000004112720
0.0006089999806135893
0.0006112999981269240
0.0006121000042185187
0.0006102999905124307
0.0006088999798521399
0.0006138000171631575
0.0006120000034570694
0.0006146999658085406
0.0006176999886520207
0.0006157999741844833
0.0006241000373847783
0.0006217000191099942
0.0006456999690271914
0.0006305000279098749
0.0006264999974519014
0.0006329000461846590
0.0006318000378087163
0.0006394000374712050
0.0006330000469461083
0.0006366000161506236
0.0006384999724105000
0.0006387000321410596
0.0006459000287577510
0.0006430000066757202
0.0006392999785020947
0.0006418999982997775
0.0006856999825686216
0.0006516000139527023
0.0006524999625980854
0.0006492999964393675
0.0006500000017695129
0.0006511999526992440
0.0006590000120922923
0.0006630999851040542
0.0006637999904341996
0.0006660000071860850
0.0006818000110797584
0.0006651000003330410
0.0006723999977111816
0.0006742000114172697
0.0006733000045642257
0.0006835000240243971
0.0006838999688625336
0.0006845999741926789
0.0006925000343471766
0.0006839000270701945
0.0006862999871373177
0.0006875000544823706
0.0006850000354461372
0.0006921000313013792
0.0007084999815560877
0.0006995999719947577
0.0006996999727562070
0.0007008999818935990
0.0006999000324867666
0.0007070000283420086
0.0007047999533824623
0.0007114000036381185
0.0007364999619312584
0.0007234999793581665
0.0007113999454304576
0.0007108999998308718
0.0007175999926403165
0.0007107999990694225
0.0007174999918788671
0.0007195000071078539
0.0007159999804571271
0.0007196000078693032
0.0007222999702207744
0.0007211000192910433
0.0007264000014401972
0.0007265000022016466
0.0007285999599844217
0.0007329999934881926
0.0007447000243701041
0.0007450000266544521
0.0007401999901048839
0.0007385000353679061
0.0007404999923892319
0.0007690000347793102
0.0007440999615937471
0.0007560999947600067
0.0007509999559260905
0.0007508000126108527
0.0007529999711550772
0.0007556999917142093
0.0007590999593958259
0.0007540000369772315
0.0007557999924756587
0.0007622999837622046
0.0007621999830007553
0.0007676000241190195
0.0007706999895162880
0.0007679000264033675
0.0007709999918006361
0.0007703999872319400
0.0007730999495834112
0.0007755000260658562
0.0007831000257283449
0.0007778999861329794
0.0007783999899402261
0.0007816999568603933
0.0008724000072106719
0.0007951000006869435
0.0007918999763205647
0.0007902999641373754
0.0007923999801278114
0.0007927999831736088
0.0007931999862194061
0.0007961000083014369
0.0007985999691300094
0.0007989999721758068
0.0008038000087253749
0.0008065999718382955
0.0008062000270001590
0.0008083000429905951
0.0008092999923974276
0.0008477999945171177
0.0008162999874912202
0.0008163999882526696
0.0008237999863922596
0.0008199000149033964
0.0008215000270865858
0.0008258000016212463
0.0008241999894380569
0.0008248999947682023
0.0008259000023826957
0.0008394999895244837
0.0008379999781027436
0.0008379999781027436
0.0008402999956160784
0.0008403999963775277
0.0008387000416405499
0.0008469999884255230
0.0008418000070378184
0.0008520000264979899
0.0008500000112690032
0.0008529999759048223
0.0008525999728590250
0.0008503000135533512
0.0008544999873265624
0.0008672999683767557
0.0008548999903723598
0.0008622999885119498
0.0008692999836057425
0.0008705999935045838
0.0008690000395290554
0.0008704000501893461
