0.0022564000100828707
0.0022314999951049685
0.0022221999824978411
0.0022488000104203820
0.0022541999933309853
0.0022262999555096030
0.0022209999733604491
0.0022285000304691494
0.0022353000240400434
0.0022298999829217792
0.0022319999989122152
0.0023701000027358532
0.0022607999853789806
0.0022690999903716147
0.0022511999704875052
0.0022475000005215406
0.0022324999445118010
0.0022740000276826322
0.0022596999770030379
0.0022591000306420028
0.0022626999998465180
0.0022535000462085009
0.0022590000298805535
0.0022612000466324389
0.0023086000001057982
0.0022715000086463988
0.0022903999779373407
0.0022715000086463988
0.0022731000208295882
0.0022924999939277768
0.0022720999550074339
0.0023219999857246876
0.0023192000226117671
0.0022787000052630901
0.0022883000201545656
0.0022805000189691782
0.0022953999578021467
0.0022941000061109662
0.0023075999924913049
0.0023113000206649303
0.0023156999959610403
0.0023038000217638910
0.0023123999708332121
0.0023165000020526350
0.0023171000066213310
0.0023488000151701272
0.0023311999975703657
0.0023449999862350523
0.0023410999565385282
0.0023518999805673957
0.0023643999593332410
0.0023410000139847398
0.0023745000362396240
0.0023575999657623470
0.0023480000090785325
0.0023458999930880964
0.0023497000220231712
0.0023515000357292593
0.0023919999948702753
0.0023743000347167253
0.0024020000128075480
0.0024158000014722347
0.0023909999872557819
0.0023975999793037772
0.0023917999933473766
0.0024043999728746712
0.0023943000123836100
0.0023800000199116766
0.0023828999837860465
0.0024216000456362963
0.0023920999956317246
0.0023885000264272094
0.0024180000182241201
0.0023998999968171120
0.0024075999972410500
0.0024111000238917768
0.0024068000493571162
0.0024070999934338033
0.0024154999991878867
0.0024126000353135169
0.0024092000094242394
0.0024898999836295843
0.0024418999673798680
0.0024370999890379608
0.0024248000117950141
0.0024528000503778458
0.0024384999996982515
0.0024462000001221895
0.0024401000118814409
0.0024534999975003302
0.0024513000389561057
0.0024424000293947756
0.0024495999678038061
0.0024460999993607402
0.0024567999644204974
0.0024537999997846782
0.0024635000154376030
0.0024631999549455941
0.0024925000034272671
0.0024681999930180609
0.0024453999940305948
0.0024582999758422375
0.0024781000101938844
0.0024758999934419990
0.0025508000398986042
0.0025678999954834580
0.0025832999963313341
0.0025861000176519156
0.0025905999937094748
0.0025898999883793294
0.0026015000184997916
0.0027146999491378665
0.0025967000401578844
0.0025944000226445496
0.0026141999987885356
0.0026060999953188002
0.0026053999899886549
0.0026212999946437776
0.0026030999724753201
0.0026260999729856849
0.0026343000354245305
0.0026309000095352530
0.0026290999958291650
0.0026187999756075442
0.0026165999588556588
0.0026058999937959015
0.0026352999848313630
0.0026089000166393816
0.0026550000184215605
0.0026313999551348388
0.0026434999890625477
0.0026410000282339752
0.0026566000306047499
0.0026264000334776938
0.0026470000157132745
0.0025545000098645687
0.0025396000128239393
0.0025486000231467187
0.0025752999936230481
0.0025825000484474003
0.0026133999926969409
0.0026023000245913863
0.0025734000373631716
0.0025848000077530742
0.0025642999680712819
0.0025674999924376607
0.0025933000142686069
0.0025604999973438680
0.0025714999646879733
0.0026024999679066241
0.0026000000070780516
0.0025903999921865761
0.0026337000308558345
0.0026326999650336802
0.0026288999943062663
0.0026258999714627862
0.0026362999924458563
0.0026268999790772796
0.0026273999828845263
0.0026286999927833676
0.0026455000042915344
0.0026099000242538750
0.0026077000075019896
0.0026232000091113150
0.0026938999653793871
0.0026260999729856849
0.0026269999798387289
0.0026249999646097422
0.0026312000118196011
0.0026348999817855656
0.0026526000001467764
0.0026675999979488552
0.0026569000328890979
0.0026498999795876443
0.0026442999951541424
0.0026631999644450843
0.0026604000013321638
0.0026871000300161541
0.0026663000462576747
0.0026651000371202826
0.0026594999944791198
0.0026910000015050173
0.0026745999930426478
0.0026928999577648938
0.0026898999931290746
0.0026938999653793871
0.0026879999786615372
0.0027026000316254795
0.0026895999908447266
0.0026852999581024051
0.0026760000037029386
0.0027279999922029674
0.0027152000111527741
0.0026879999786615372
0.0027070000069215894
0.0026962999836541712
0.0027089000213891268
0.0027155000134371221
0.0027159999590367079
0.0027085000183433294
0.0027279000496491790
0.0027054999954998493
0.0027093000244349241
0.0027188999811187387
0.0027197999879717827
0.0027259000344201922
0.0027210999978706241
0.0027257000328972936
0.0027242000214755535
0.0027381999534554780
0.0027399999671615660
0.0027348999865353107
0.0027528000064194202
0.0027321999659761786
0.0027389000169932842
0.0027392999618314207
0.0027595999999903142
0.0027798999799415469
0.0027547000208869576
0.0027633999707177281
0.0027677000034600496
0.0027982000028714538
0.0027735999901778996
0.0027710000285878778
0.0027645000373013318
0.0027624000213108957
0.0027609999524429440
0.0027971999952569604
0.0028041999903507531
0.0027944999746978283
0.0027790000312961638
0.0027829000027850270
0.0027840000111609697
0.0027840000111609697
0.0027925000176765025
0.0028355999966152012
0.0027947999769821763
0.0027954999823123217
0.0028288000030443072
0.0028137000044807792
0.0030880999984219670
0.0048439999809488654
0.0047304999898187816
0.0031077000312507153
0.0028643999830819666
0.0028266999870538712
0.0028428000514395535
0.0034408999490551651
0.0030592000111937523
0.0028379000141285360
0.0030485000461339951
0.0028848999645560980
0.0028618999640457332
0.0028565999818965793
0.0028485999791882932
0.0028789999778382480
0.0028572999872267246
0.0028633999754674733
0.0028707000310532749
0.0028575000469572842
0.0028614000184461474
0.0028784000314772129
0.0028822000022046268
0.0028763000154867768
0.0028733999934047461
0.0028955999878235161
0.0029073000187054276
0.0029094999772496521
0.0029021999798715115
0.0028946999809704721
0.0028601000085473061
0.0028785999747924507
0.0028939999756403267
0.0028725999873131514
0.0028703999705612659
0.0028701999690383673
0.0028730999911203980
0.0028834000113420188
0.0028918000170961022
0.0028705999720841646
0.0028645999846048653
0.0028941000346094370
0.0028883999912068248
0.0028875999851152301
0.0029196999967098236
0.0028980000060983002
0.0028995000175200403
0.0028869999805465341
0.0029068000148981810
0.0029754000133834779
0.0029171999776735902
0.0029061000095680356
0.0029118999955244362
0.0029220000142231584
0.0029299000161699951
0.0029271999956108630
0.0029176999814808369
0.0029088999726809561
0.0029336999868974090
0.0029498999938368797
0.0029343999922275543
0.0029445000109262764
0.0029380999621935189
0.0029483999824151397
0.0029474000330083072
0.0031695000361651182
0.0033280999632552266
0.0033042999566532671
0.0033010999904945493
0.0032948000007309020
0.0033137000282295048
0.0033112000091932714
0.0033194000134244561
0.0033159000449813902
0.0032975000212900341
0.0033321999944746494
0.0033085999893955886
0.0033294000313617289
0.0033298999769613147
0.0033324999967589974
0.0033364999690093100
0.0033261000062339008
0.0033224000362679362
0.0033364000264555216
0.0032623999868519604
0.0029789999825879931
0.0029972000047564507
0.0029949000454507768
0.0030040999990887940
0.0030255999881774187
0.0030223999638110399
0.0030194999999366701
0.0030213999561965466
0.0030144999618642032
0.0030080000287853181
0.0030899000121280551
0.0030340000521391630
0.0030295000178739429
0.0030103000462986529
0.0030149000231176615
0.0030393000342883170
0.0030769000295549631
0.0030403999844565988
0.0030594000127166510
0.0030458999681286514
0.0030591000104323030
0.0030732000013813376
0.0030549999792128801
0.0030587000073865056
0.0030657000024802983
0.0030663000070489943
0.0030662000062875450
0.0030748000135645270
0.0030731000006198883
0.0030725999968126416
0.0030764999683015049
0.0030981000163592398
0.0031216000206768513
0.0030898000113666058
0.0031000999733805656
0.0030945999897085130
0.0031225000275298953
0.0031166999833658338
0.0030949999927543104
0.0031006000353954732
0.0031271000043489039
0.0031152000301517546
0.0031040000030770898
0.0031066000228747725
0.0031136000179685652
0.0031754999654367566
0.0031300000264309347
0.0031134999589994550
0.0031391999800689518
0.0031203000107780099
0.0031742999562993646
0.0031820000149309635
0.0031430000090040267
0.0031384000321850181
0.0031361000146716833
0.0031686999718658626
0.0031694999779574573
0.0031510000117123127
0.0031513999565504491
0.0031674000201746821
0.0031990000279620290
0.0031566999969072640
0.0031557000475004315
0.0031518000178039074
0.0031898999586701393
0.0031888000085018575
0.0031784999882802367
0.0031691999756731093
0.0031570999999530613
0.0032006000401452184
0.0031905000214464962
0.0031696000369265676
0.0031661000102758408
0.0031749000190757215
0.0031870999955572188
0.0031987999682314694
0.0031990000279620290
0.0032133000204339623
0.0032398999901488423
0.0031887000077404082
0.0032227000338025391
0.0032240999862551689
0.0032163000432774425
0.0032468999852426350
0.0032227999763563275
0.0040389000205323100
0.0036596999852918088
0.0032648000051267445
0.0032365999650210142
0.0032371999695897102
0.0032215000246651471
0.0032384999794885516
0.0032715999986976385
0.0032417999464087188
0.0032614999799989164
0.0032719000009819865
0.0032904999679885805
0.0032636999967508018
0.0032428000122308731
0.0032706999918445945
0.0032507000141777098
0.0033135000267066061
0.0032898999634198844
0.0032893000170588493
0.0033217000309377909
0.0032659000135026872
0.0032963999547064304
0.0032763999770395458
0.0032990999752655625
0.0032911000307649374
0.0033071999787352979
0.0032884999527595937
0.0032974000205285847
0.0033112000091932714
0.0032873000018298626
0.0033211000263690948
0.0033271000138483942
0.0033032000064849854
0.0033135000267066061
0.0033412000047974288
0.0033021999988704920
0.0033082999871112406
0.0033078000415116549
0.0033326999982818961
0.0033433000207878649
0.0033288999693468213
0.0033335000043734908
0.0033290000283159316
0.0034736000234261155
0.0034241999965161085
0.0034195999614894390
0.0033811000175774097
0.0033697999897412956
0.0034786000032909214
0.0034738000249490142
0.0034728000173345208
0.0034788000048138201
0.0034887000219896436
0.0034849999938160181
0.0035049999714829028
0.0035007999977096915
0.0034471999970264733
0.0033946000039577484
0.0033808000152930617
0.0033744999673217535
0.0033802000107243657
0.0033907000324688852
0.0033754000323824584
0.0033818000229075551
0.0033868000027723610
0.0033925000461749732
0.0034137000329792500
0.0033869000035338104
0.0033973999670706689
0.0034247000003233552
0.0034087999956682324
0.0035464999964460731
0.0034119000192731619
0.0034020000020973384
0.0034458999871276319
0.0034438999718986452
0.0034414000110700727
0.0034103000070899725
0.0034576999605633318
0.0034216999774798751
0.0044597999658435583
0.0058909999788738787
0.0058511999668553472
0.0045726000098511577
0.0034756999812088907
0.0034101000055670738
0.0034131000284105539
0.0034274000208824873
0.0034079999895766377
