0.0298282000003382564
0.0298103000386618078
0.0300809000036679208
0.0296768999542109668
0.0296527999453246593
0.0299818000057712197
0.0311222000163979828
0.0303536999854259193
0.0304120999644510448
0.0301144000259228051
0.0304297000402584672
0.0304118000203743577
0.0326951000024564564
0.0316934000002220273
0.0302380999783053994
0.0303175000008195639
0.0303156999871134758
0.0297323999693617225
0.0297814999939873815
0.0301650000037625432
0.0300764999701641500
0.0297533000120893121
0.0303324999986216426
0.0300246999831870198
0.0302812999580055475
0.0303327000001445413
0.0304758000420406461
0.0304601000389084220
0.0308254999690689147
0.0305822999798692763
0.0303804000141099095
0.0308715000282973051
0.0299801999935880303
0.0298558999784290791
0.0299465999705716968
0.0303064000327140093
0.0301311999792233109
0.0302716000005602837
0.0300861999858170748
0.0296993000083602965
0.0299362000077962875
0.0301233999780379236
0.0303719000075943768
0.0301708999904803932
0.0304965000250376761
0.0303116999566555023
0.0304464999935589731
0.0303918000427074730
0.0301143999677151442
0.0305361000355333090
0.0313814999535679817
0.0302158999838866293
0.0302763000363484025
0.0304433000274002552
0.0305309999966993928
0.0303417000104673207
0.0304311999934725463
0.0302412999444641173
0.0302964000147767365
0.0301910999696701765
0.0303657999611459672
0.0305674000410363078
0.0304904000367969275
0.0303304999833926558
0.0311563000432215631
0.0303152999840676785
0.0304149999865330756
0.0305295999860391021
0.0305629000067710876
0.0307492000283673406
0.0304189000162295997
0.0305227000499144197
0.0304393999977037311
0.0306250000139698386
0.0305702000041492283
0.0315565000055357814
0.0315886000171303749
0.0306586999795399606
0.0305377999902702868
0.0304817000287584960
0.0308152000070549548
0.0326164999860338867
0.0347956999903544784
0.0301624999847263098
0.0306669999845325947
0.0305539999972097576
0.0305213999818079174
0.0303776999935507774
0.0305047000292688608
0.0306251000147312880
0.0306999000022187829
0.0305520000401884317
0.0305340000195428729
0.0304957999614998698
0.0306616999441757798
0.0304323000018484890
0.0306215000455267727
0.0304399000015109777
0.0313836999703198671
0.0307287000468932092
0.0306728999712504447
0.0307153000030666590
0.0307675000512972474
0.0326252999948337674
0.0301654000068083405
0.0303894000244326890
0.0304577000206336379
0.0305720000178553164
0.0304579999647103250
0.0306503999745473266
0.0309755000052973628
0.0306338000227697194
0.0306241000071167946
0.0306380999973043799
0.0304352000239305198
0.0306969000375829637
0.0306194000295363367
0.0307023000204935670
0.0306559000164270401
0.0314091000473126769
0.0306552999536506832
0.0306776999495923519
0.0306334000197239220
0.0306719999643974006
0.0306934999534860253
0.0307623999542556703
0.0306604999932460487
0.0304363999748602509
0.0305290999822318554
0.0307331000221893191
0.0306004000012762845
0.0309194000437855721
0.0304608999867923558
0.0305308000533841550
0.0307325000176206231
0.0305255000130273402
0.0301910000271163881
0.0302311000414192677
0.0307297999970614910
0.0305538999964483082
0.0307018000166863203
0.0308192999800667167
0.0304923999938182533
0.0305603999877348542
0.0307601999957114458
0.0306922000017948449
0.0305154999950900674
0.0302021000534296036
0.0302740000188350677
0.0312361000105738640
0.0307219999958761036
0.0307254000217653811
0.0320856000180356205
0.0307943000225350261
0.0307160000083968043
0.0305640000151470304
0.0307752999942749739
0.0307574999751523137
0.0307122999802231789
0.0303194000152871013
0.0305728000239469111
0.0306237999466247857
0.0308497000369243324
0.0332452000002376735
0.0330886999727226794
0.0308234999538399279
0.0309190999832935631
0.0306656000320799649
0.0311303999624215066
0.0350993000320158899
0.0388146000332199037
0.0359638999798335135
0.0317044000257737935
0.0309401999693363905
0.0319659999804571271
0.0320455000037327409
0.0308903999975882471
0.0307478000177070498
0.0309336000354960561
0.0308639999711886048
0.0309067000052891672
0.0309884000453166664
0.0333816000493243337
0.0309635999728925526
0.0310189999872818589
0.0308039999799802899
0.0310426000505685806
0.0307118999771773815
0.0310413000406697392
0.0311530000180937350
0.0310712999780662358
0.0309927000198513269
0.0302215999690815806
0.0307688000029884279
0.0309743999969214201
0.0306697000050917268
0.0306254000170156360
0.0307383999461308122
0.0310979000059887767
0.0310447000083513558
0.0311197999981231987
0.0309893999947234988
0.0309444000013172626
0.0307616000063717365
0.0306915999972261488
0.0308402000227943063
0.0338170999893918633
0.0308260999736376107
0.0309309000149369240
0.0307410999666899443
0.0309369000024162233
0.0305462999967858195
0.0309134999988600612
0.0310085000237450004
0.0309628000250086188
0.0310045999940484762
0.0311077000224031508
0.0309004000155255198
0.0310511999996379018
0.0318821999826468527
0.0311397999757900834
0.0311805999954231083
0.0310581999947316945
0.0310642999829724431
0.0308340999763458967
0.0307206000434234738
0.0310145000112242997
0.0309644999797455966
0.0309578999876976013
0.0311161999707110226
0.0312204000074416399
0.0320596999954432249
0.0312580000027082860
0.0309761000098660588
0.0310148000135086477
0.0310576999909244478
0.0308999000117182732
0.0309384000138379633
0.0304597000358626246
0.0305309999966993928
0.0308208999922499061
0.0306141999899409711
0.0310404000338166952
0.0309302000096067786
0.0309355000499635935
0.0306425999733619392
0.0308726999792270362
0.0308988000033423305
0.0323477999772876501
0.0336395000340417027
0.0322371000074781477
0.0310183999827131629
0.0307212999905459583
0.0310855000279843807
0.0310897000017575920
0.0310903000063262880
0.0309904000023379922
0.0310604000114835799
0.0308973999926820397
0.0307862000190652907
0.0309158999589271843
0.0309266000404022634
0.0307731999782845378
0.0309647999820299447
0.0312059000134468079
0.0311493000481277704
0.0310866999789141119
0.0310804999899119139
0.0312620999757200480
0.0310338999843224883
0.0309494999819435179
0.0311378000187687576
0.0313214000198058784
0.0449947999441064894
0.0331019000150263309
0.0334241000236943364
0.0314165999880060554
0.0311897000065073371
0.0321359999943524599
0.0341565000126138330
0.0340922999894246459
0.0316556999459862709
0.0312260999926365912
0.0312104999902658165
0.0312344999983906746
0.0313445000210776925
0.0312641999917104840
0.0312306000269018114
0.0324147000210359693
0.0325833000242710114
0.0310848000226542354
0.0313903000205755234
0.0313258999958634377
0.0312774999765679240
0.0313710999907925725
0.0310099999769590795
0.0311786999809555709
0.0312017999822273850
0.0312567999935708940
0.0311804999946616590
0.0316864000051282346
0.0316911000409163535
0.0342247000080533326
0.0314152000355534256
0.0317568000173196197
0.0315458999830298126
0.0352108000079169869
0.0317954000202007592
0.0315417000092566013
0.0316173000028356910
0.0314779999898746610
0.0314628999913111329
0.0314616999821737409
0.0312496999977156520
0.0314856000477448106
0.0315122000174596906
0.0316838999860920012
0.0317027000128291547
0.0314655000111088157
0.0313476999872364104
0.0316225999849848449
0.0314616999821737409
0.0317822999786585569
0.0317159999976865947
0.0315993999829515815
0.0329190000193193555
0.0316281000268645585
0.0342694999999366701
0.0338577999500557780
0.0309938000282272696
0.0313079000334255397
0.0316641000099480152
0.0316207000287249684
0.0312053000088781118
0.0315415000077337027
0.0315474999952130020
0.0310942999785766006
0.0315547999925911427
0.0315899000270292163
0.0315841999836266041
0.0311376000172458589
0.0315397999947890639
0.0321810999885201454
0.0315161999897100031
0.0316391999949701130
0.0312480999855324626
0.0315254000015556812
0.0315213999710977077
0.0324639999889768660
0.0319861999596469104
0.0309910000069066882
0.0338131000171415508
0.0336834000190719962
0.0313135000178590417
0.0337453999673016369
0.0322802000446245074
0.0319809000357054174
0.0316217999788932502
0.0312474999809637666
0.0310983999515883625
0.0314801999484188855
0.0314194999518804252
0.0316001999890431762
0.0354353000293485820
0.0314408999984152615
0.0308502999832853675
0.0313215000205673277
0.0308710000244900584
0.0312912000226788223
0.0315166999935172498
0.0317548000020906329
0.0312388999736867845
0.0312797999940812588
0.0313148999703116715
0.0314532999764196575
0.0314992999774403870
0.0314851999864913523
0.0314560999977402389
0.0315146000357344747
0.0314808000111952424
0.0314350000116974115
0.0315432999632321298
0.0311928000301122665
0.0316477000014856458
0.0313716999953612685
0.0313240999821573496
0.0312752000172622502
0.0314199000131338835
0.0312523999600671232
0.0312898999545723200
0.0309778000228106976
0.0312321000383235514
0.0312700999784283340
0.0312413999927230179
0.0313334999955259264
0.0314423000090755522
0.0314816000172868371
0.0315547000500373542
0.0316038000164553523
0.0315761000383645296
0.0315371000324375927
0.0312816999503411353
0.0314492000034078956
0.0313099999912083149
0.0312897000112570822
0.0312890000059269369
0.0307746999897062778
0.0309699000208638608
0.0314578000106848776
0.0307798999710939825
0.0308503000414930284
0.0309725999832153320
0.0306315000052563846
0.0307321000145748258
0.0307564999675378203
0.0308337999740615487
0.0306029999628663063
0.0307552000158466399
0.0310991000151261687
0.0314978000242263079
0.0318359000375494361
0.0336958999978378415
0.0329440999776124954
0.0318891999777406454
0.0317789000109769404
0.0317928000004030764
0.0322447000071406364
0.0312991999671794474
0.0311440000077709556
0.0314127000165171921
0.0313880000030621886
0.0317530999891459942
0.0315765999839641154
0.0314450999721884727
0.0318320000078529119
0.0344052000436931849
0.0345655999844893813
0.0318771000020205975
0.0317361999768763781
0.0320367000531405210
0.0317656000261195004
0.0319230000022798777
0.0319992000004276633
0.0319867000216618180
0.0320629000198096037
0.0319800000288523734
0.0320241000154055655
0.0315936999977566302
0.0314156999811530113
0.0315994999837130308
0.0315254000015556812
0.0317782000056467950
0.0317958999658003449
0.0319481000187806785
0.0318289999850094318
0.0320715999696403742
0.0321102000307291746
0.0318560000159777701
0.0319038000307045877
0.0320918999495916069
0.0319482999620959163
0.0317762000486254692
0.0321781000238843262
0.0320697000133804977
0.0319155000033788383
0.0320236000115983188
0.0320589999901130795
0.0318380000535398722
0.0318891999777406454
0.0319900999893434346
0.0317683999892324209
0.0316392999957315624
0.0313005999778397381
0.0318124000332318246
0.0317712000105530024
0.0317333000130020082
0.0316595999756827950
0.0319439999875612557
0.0381082000094465911
0.0323378000175580382
0.0318115000263787806
0.0320338999736122787
0.0321345999836921692
0.0321361999958753586
0.0325013000401668251
0.0321899999980814755
0.0321998999570496380
0.0318028000183403492
0.0320656000403687358
0.0322416000417433679
0.0321947999764233828
0.0322112999856472015
0.0321744999964721501
0.0320446999976411462
0.0322093000286258757
0.0322314000222831964
0.0321832000045105815
0.0322530000121332705
0.0330025000148452818
