9986
10015
10023
10048
10056
10073
10083
10085
10095
10103
10107
10114
10118
10124
10143
10152
10158
10167
10172
10178
10185
10191
10196
10207
10223
10236
10257
10264
10271
10276
10282
10287
10290
10303
10314
10320
10330
10337
10346
10351
10354
10359
10371
10383
10404
10416
10441
10448
10453
10470
10473
10478
10483
10492
10502
10515
10521
10531
10545
10549
10574
10584
10605
10618
10622
10628
10632
10643
10650
10658
10669
10675
10683
10687
10703
10710
10727
10733
10742
10750
10753
10760
10771
10787
10800
10811
10820
10846
10857
10870
10877
10880
10883
10888
10901
10909
10914
10924
10929
10953
10961
10972
10981
10992
11001
11010
11016
11024
11045
11065
11080
11086
11093
11094
11104
11110
11116
11133
11139
11144
11155
11168
11180
11187
11196
11197
11201
11218
11233
11259
11269
11278
11284
11285
11296
11303
11311
11323
11334
11342
11348
11354
11372
11378
11394
11408
11417
11426
11437
11447
11461
11470
11475
11491
11496
11509
11517
11518
11524
11529
11542
11552
11573
11579
11603
11614
11621
11628
11641
11648
11660
11682
11701
11711
11721
11728
11729
11744
11748
11758
11771
11799
11808
11816
11822
11828
11835
11842
11850
11856
11861
11863
11868
11887
11895
11915
11927
11933
11941
11952
11957
11964
11970
11972
11982
11988
11998
12003
12011
12017
12034
12042
12065
12073
12077
12083
12098
12103
12126
12134
12140
12144
12145
12150
12170
12179
12190
12196
12196
12223
12233
12245
12262
12270
12275
12285
12287
12295
12302
12309
12315
12322
12333
12352
12362
12377
12383
12403
12411
12416
12427
12433
12442
12449
12456
12466
12471
12485
12492
12506
12514
12522
12528
12532
12538
12545
12552
12561
12573
12577
12584
12589
12601
12611
12619
12626
12636
12645
12650
12656
12670
12676
12684
12691
12695
12706
12722
12733
12742
12751
12757
12773
12780
12794
12801
12816
12828
12837
12848
12858
12862
12868
12878
12889
12921
12931
12941
12949
12949
12956
12958
12962
12977
12989
12998
13008
13013
13018
13023
13038
13042
13048
13051
13068
13075
13084
13091
13101
13127
13138
13147
13153
13160
13167
13185
13192
13201
13206
13211
13218
13224
13229
13253
13259
13272
13284
13289
13301
13309
13329
13338
13352
13358
13368
13374
13380
13383
13404
13420
13438
13446
13455
13461
13464
13482
13492
13501
13509
13513
13520
13529
13541
13555
13567
13581
13596
13610
13622
13636
13643
13657
13664
13672
13679
13692
13710
13723
13730
13735
13737
13739
13743
13752
13756
13766
13770
13775
13793
13801
13807
13812
13824
13833
13845
13855
13872
13878
13889
13905
13917
13926
13930
13932
13945
13949
13956
13962
13967
13977
13981
14006
14014
14041
14050
14058
14063
14074
14081
14097
14106
14119
14130
14133
14138
14153
14183
14197
14208
14213
14220
14226
14244
14256
14270
14291
14299
14305
14329
14340
14354
14373
14375
14380
14392
14397
14417
14436
14442
14455
14460
14463
14471
14475
14482
14489
14498
14502
14512
14528
14539
14555
14571
14584
14592
14598
14603
14604
14610
14614
14616
14639
14645
14671
14682
14685
14691
14692
14704
14710
14722
14736
14750
14766
14773
14780
14786
14791
14796
14802
14807
