0.1250295639038086
0.04700899124145508
0.04601097106933594
0.04601025581359863
0.050011634826660156
0.04501008987426758
0.04801130294799805
0.04500985145568848
0.04400968551635742
0.04902529716491699
0.046996355056762695
0.0490114688873291
0.04500937461853027
0.04501080513000488
0.04501008987426758
0.04801154136657715
0.04400968551635742
0.04400968551635742
0.04501032829284668
0.04500985145568848
0.04801154136657715
0.05501198768615723
0.05501198768615723
0.04801177978515625
0.04500937461853027
0.04901123046875
0.04400968551635742
0.04601025581359863
0.04401087760925293
0.04500985145568848
0.044008731842041016
0.04501175880432129
0.044010162353515625
0.0510101318359375
0.046010732650756836
0.04400992393493652
0.045011281967163086
0.04500889778137207
0.04301023483276367
0.044010162353515625
0.04501008987426758
0.04500865936279297
0.04401111602783203
0.0490109920501709
0.04501056671142578
0.045009613037109375
0.04401111602783203
0.04700946807861328
0.045011043548583984
0.04400920867919922
0.04400968551635742
0.04500985145568848
0.04400992393493652
0.04401063919067383
0.048009634017944336
0.04501080513000488
0.04400992393493652
0.04501032829284668
0.04601001739501953
0.04601120948791504
0.04400992393493652
0.04200863838195801
0.0490107536315918
0.04801058769226074
0.04901242256164551
0.05401134490966797
0.04501032829284668
0.05001044273376465
0.0580134391784668
0.04501032829284668
0.04300975799560547
0.04200911521911621
0.04100990295410156
0.04200911521911621
0.04200935363769531
0.04100966453552246
0.04501008987426758
0.04200911521911621
0.04200935363769531
0.041008949279785156
0.04201102256774902
0.04200863838195801
0.04100847244262695
0.04201030731201172
0.04100942611694336
0.040008544921875
0.04501056671142578
0.041008710861206055
0.040009498596191406
0.042008399963378906
0.041010141372680664
0.04200935363769531
0.04200911521911621
0.04100990295410156
0.041008710861206055
0.041008949279785156
0.039980411529541016
0.04501032829284668
0.040009260177612305
0.04100966453552246
0.04100847244262695
0.04100942611694336
0.044008731842041016
0.04201078414916992
0.041008710861206055
0.040009260177612305
0.04100942611694336
0.04100942611694336
0.045009613037109375
0.040009498596191406
0.04200911521911621
0.04100942611694336
0.04100918769836426
0.04100918769836426
0.04300999641418457
0.04200911521911621
0.04300880432128906
0.04201030731201172
0.04100966453552246
0.04501008987426758
0.04100847244262695
0.04201006889343262
0.04200935363769531
0.04100942611694336
0.04100918769836426
0.04100918769836426
0.04201006889343262
0.04200887680053711
0.042009592056274414
0.04501032829284668
0.040008544921875
0.040009260177612305
0.04100918769836426
0.04200911521911621
0.04300999641418457
0.041008949279785156
0.042009592056274414
0.04201006889343262
0.04400920867919922
0.042009830474853516
0.048010826110839844
0.04300999641418457
0.04400897026062012
0.04301047325134277
0.04500985145568848
0.042009592056274414
0.04300975799560547
0.042009592056274414
0.04300951957702637
0.04200887680053711
0.042009830474853516
0.04501008987426758
0.04100966453552246
0.04200935363769531
0.042009592056274414
0.04400992393493652
0.04300951957702637
0.044010162353515625
0.04400897026062012
0.04301047325134277
0.04601025581359863
0.04501008987426758
0.046010494232177734
0.04400968551635742
0.04300999641418457
0.04200911521911621
0.04200935363769531
0.04100942611694336
0.04201006889343262
0.04200887680053711
0.04100918769836426
0.04100942611694336
0.04701042175292969
0.042009592056274414
0.04100918769836426
0.04100942611694336
0.041008949279785156
0.04501152038574219
0.04300832748413086
0.044010162353515625
0.05201220512390137
0.059012413024902344
0.04801154136657715
0.04801011085510254
0.051012516021728516
0.059012651443481445
0.04300999641418457
0.043009281158447266
0.04301023483276367
0.043009281158447266
0.04200887680053711
0.04301023483276367
0.04201006889343262
0.04200863838195801
0.04701113700866699
0.04200887680053711
0.04201030731201172
0.043009042739868164
0.042009592056274414
0.042009830474853516
0.04300951957702637
0.04200911521911621
0.04100942611694336
0.04400992393493652
0.04400992393493652
0.04501056671142578
0.04100847244262695
0.04100990295410156
0.041008949279785156
0.04400968551635742
0.04200935363769531
0.04100942611694336
0.04100918769836426
0.04200935363769531
0.04100942611694336
0.048011064529418945
0.048011064529418945
0.047010183334350586
0.04400968551635742
0.04301166534423828
0.046009063720703125
0.05501270294189453
0.06101489067077637
0.0510106086730957
0.04601001739501953
0.04501008987426758
0.052011728286743164
0.04601025581359863
0.04401040077209473
0.04400992393493652
0.04501008987426758
0.047011375427246094
0.042008161544799805
0.04300999641418457
0.043009042739868164
0.041010141372680664
0.04200935363769531
0.04601001739501953
0.04201006889343262
0.042008399963378906
0.041010141372680664
0.04200911521911621
0.04400944709777832
0.042009592056274414
0.04401063919067383
0.04200887680053711
0.04300975799560547
0.04301023483276367
0.04600977897644043
0.043009281158447266
0.04301047325134277
0.04400968551635742
0.04500985145568848
0.04601001739501953
0.04401087760925293
0.043009042739868164
0.042009592056274414
0.04300999641418457
0.04601025581359863
0.04400920867919922
0.045011043548583984
0.04601025581359863
0.04300975799560547
0.04400968551635742
0.04400992393493652
0.04300951957702637
0.044010162353515625
0.04401040077209473
0.04400968551635742
0.04601025581359863
0.04300951957702637
0.04300975799560547
0.044010162353515625
0.04400944709777832
0.04501032829284668
0.04400968551635742
0.04300975799560547
0.04300975799560547
0.041008949279785156
0.04100990295410156
0.04500985145568848
0.042009592056274414
0.04300951957702637
0.04100942611694336
0.04200935363769531
0.041008949279785156
0.04100990295410156
0.041008949279785156
0.04200911521911621
0.04300975799560547
0.042009830474853516
0.050011634826660156
0.04400968551635742
0.046010732650756836
0.04500985145568848
0.042009592056274414
0.04701066017150879
0.0490107536315918
0.04401040077209473
0.052011966705322266
0.044010162353515625
0.04801034927368164
0.04400968551635742
0.04300975799560547
0.04200935363769531
0.04401087760925293
0.043009042739868164
0.041008949279785156
0.050011396408081055
0.04402279853820801
0.04300951957702637
0.04200911521911621
0.04701042175292969
0.04100966453552246
0.04200935363769531
0.04300999641418457
0.042009830474853516
0.04400920867919922
0.04300951957702637
0.04100942611694336
0.04100918769836426
0.04100966453552246
0.04400944709777832
0.04400992393493652
0.04100918769836426
0.04100942611694336
0.041008710861206055
0.04100966453552246
0.042009592056274414
0.04300999641418457
0.04300951957702637
0.041008710861206055
0.04100942611694336
0.044010162353515625
0.04701042175292969
0.04200935363769531
0.042009830474853516
0.04400897026062012
0.043010711669921875
0.042009592056274414
0.04300951957702637
0.04300975799560547
0.04501008987426758
0.043009042739868164
0.04600977897644043
0.04501032829284668
0.042009830474853516
0.04300975799560547
0.04300975799560547
0.04100966453552246
0.04100942611694336
0.04200935363769531
0.04100918769836426
0.043009281158447266
0.04300999641418457
0.04400992393493652
0.04300999641418457
0.04300856590270996
0.04201030731201172
0.04100918769836426
0.041008949279785156
0.042009592056274414
0.04100966453552246
0.042009592056274414
0.041008949279785156
0.041008949279785156
0.04501008987426758
0.04100942611694336
0.04100942611694336
0.04300975799560547
0.04100918769836426
0.041008949279785156
0.04501008987426758
0.06001400947570801
0.05006289482116699
0.04482460021972656
0.04251885414123535
0.06401586532592773
0.05401110649108887
0.04701113700866699
0.04500985145568848
0.04400944709777832
0.044010162353515625
0.04601025581359863
0.04300975799560547
0.04400992393493652
0.04300975799560547
0.048010826110839844
0.04501008987426758
0.04401040077209473
0.04801130294799805
0.04500937461853027
0.04400968551635742
0.04601097106933594
0.043009042739868164
0.04200911521911621
0.04300999641418457
0.04300975799560547
0.04701089859008789
0.043009042739868164
0.04301023483276367
0.04300999641418457
0.04400944709777832
0.04200935363769531
0.04200935363769531
0.042009830474853516
0.04100823402404785
0.04201078414916992
0.04200911521911621
0.04501008987426758
0.042009592056274414
0.041008949279785156
0.04100942611694336
0.044010162353515625
0.04200935363769531
0.04200887680053711
0.04100966453552246
0.04300951957702637
0.04300975799560547
0.04100942611694336
0.04500985145568848
0.04100966453552246
0.041008710861206055
0.04100966453552246
0.042009592056274414
0.043009042739868164
0.04100942611694336
0.042009592056274414
0.04200935363769531
0.04301023483276367
0.04601001739501953
0.04300975799560547
0.04200911521911621
0.04100942611694336
0.040009260177612305
0.04100918769836426
0.04200935363769531
0.04400968551635742
0.04100966453552246
0.04100942611694336
0.04100823402404785
0.04601097106933594
0.04100918769836426
0.042009592056274414
0.04400944709777832
0.046010732650756836
0.04501008987426758
0.046010494232177734
0.04300951957702637
0.05501222610473633
0.05301213264465332
0.04401040077209473
0.04901003837585449
0.04301047325134277
0.043009281158447266
0.04200935363769531
0.042009830474853516
0.04200911521911621
0.04300999641418457
0.04300880432128906
0.04501080513000488
0.04201006889343262
0.04200911521911621
0.04501008987426758
0.04100918769836426
0.042009592056274414
0.04200935363769531
0.04300999641418457
0.04200911521911621
0.04100918769836426
0.04100942611694336
0.04100918769836426
0.04100918769836426
0.044010162353515625
0.040008544921875
0.042009592056274414
0.04200935363769531
0.04100942611694336
0.047010183334350586
0.05201292037963867
0.05301046371459961
0.048011064529418945
0.06501603126525879
0.06501317024230957
0.05001187324523926
0.05401277542114258
0.05101203918457031
0.05401110649108887
0.04801130294799805
0.04600977897644043
0.044010162353515625
0.04501032829284668
0.044008493423461914
0.043010711669921875
0.04300951957702637
0.0490117073059082
0.04400992393493652
0.041008949279785156
0.041008949279785156
0.04100942611694336
