0.06601548194885254
0.04200935363769531
0.041008710861206055
0.04401087760925293
0.04400920867919922
0.04201006889343262
0.0420079231262207
0.04101061820983887
0.04200935363769531
0.042008161544799805
0.04201030731201172
0.044010162353515625
0.04401040077209473
0.04500937461853027
0.04300975799560547
0.04600977897644043
0.04100918769836426
0.04201078414916992
0.04601025581359863
0.04400944709777832
0.043009281158447266
0.048010826110839844
0.047011375427246094
0.05501675605773926
0.07001090049743652
0.05101203918457031
0.04801058769226074
0.04400968551635742
0.04400992393493652
0.04301023483276367
0.04300975799560547
0.043009281158447266
0.04300999641418457
0.04400944709777832
0.043009281158447266
0.04301023483276367
0.04800987243652344
0.04300975799560547
0.04501080513000488
0.04200887680053711
0.043010711669921875
0.04500889778137207
0.06001448631286621
0.04801058769226074
0.041008949279785156
0.04501056671142578
0.04801440238952637
0.048006296157836914
0.04301023483276367
0.04201006889343262
0.04200887680053711
0.042009592056274414
0.04100918769836426
0.042009830474853516
0.04300975799560547
0.04400897026062012
0.042009592056274414
0.04601168632507324
0.04801011085510254
0.04300951957702637
0.04400920867919922
0.04401063919067383
0.04401063919067383
0.04400897026062012
0.04301047325134277
0.04400992393493652
0.04400968551635742
0.04400944709777832
0.04400992393493652
0.04901123046875
0.18004083633422852
0.04300951957702637
0.04300951957702637
0.042009592056274414
0.042009592056274414
0.04100918769836426
0.04200911521911621
0.04200935363769531
0.04101133346557617
0.0420076847076416
0.046010494232177734
0.041008710861206055
0.04100990295410156
0.041008949279785156
0.04072856903076172
0.041008710861206055
0.04201006889343262
0.041008710861206055
0.04100966453552246
0.041008949279785156
0.04300951957702637
0.046010732650756836
0.04400968551635742
0.042009592056274414
0.04400968551635742
0.04100918769836426
0.04100966453552246
0.04100918769836426
0.04200935363769531
0.04100918769836426
0.04100942611694336
0.04500985145568848
0.04100966453552246
0.041008949279785156
0.04100942611694336
0.042009592056274414
0.041008710861206055
0.042009592056274414
0.04100918769836426
0.04100942611694336
0.04100918769836426
0.04100942611694336
0.04501008987426758
0.04100942611694336
0.043009281158447266
0.04100942611694336
0.04100918769836426
0.04100918769836426
0.0400083065032959
0.04201054573059082
0.0400083065032959
0.040008544921875
0.041010379791259766
0.04400920867919922
0.04100942611694336
0.042009592056274414
0.04100966453552246
0.04200911521911621
0.04100918769836426
0.04100918769836426
0.04100966453552246
0.041008949279785156
0.041008949279785156
0.04401040077209473
0.04100942611694336
0.043009281158447266
0.04100942611694336
0.042009592056274414
0.04400944709777832
0.04201006889343262
0.04600954055786133
0.04301023483276367
0.041008949279785156
0.04101133346557617
0.04500842094421387
0.043010711669921875
0.047010183334350586
0.04100847244262695
0.042009830474853516
0.04300856590270996
0.04201006889343262
0.042009592056274414
0.04301023483276367
0.04300880432128906
0.04501080513000488
0.0490109920501709
0.04300951957702637
0.04400992393493652
0.04501008987426758
0.04501032829284668
0.04400968551635742
0.046010732650756836
0.0490107536315918
0.04401040077209473
0.042008399963378906
0.04300951957702637
0.05001235008239746
0.04400897026062012
0.04300975799560547
0.04300951957702637
0.04300975799560547
0.04400944709777832
0.04300999641418457
0.04300999641418457
0.04500985145568848
0.04300975799560547
0.04701089859008789
0.043009281158447266
0.04300975799560547
0.04300951957702637
0.043009042739868164
0.04301023483276367
0.042009592056274414
0.04400944709777832
0.04301023483276367
0.04300999641418457
0.04300975799560547
0.04701042175292969
0.04300975799560547
0.04300975799560547
0.043009042739868164
0.04301023483276367
0.042009592056274414
0.04300880432128906
0.04300999641418457
0.04300975799560547
0.04100942611694336
0.04100942611694336
0.045009613037109375
0.042009830474853516
0.04100918769836426
0.042009592056274414
0.04200935363769531
0.04100942611694336
0.041008710861206055
0.041008949279785156
0.04100990295410156
0.04200935363769531
0.04100990295410156
0.04500985145568848
0.0400087833404541
0.04100918769836426
0.0400087833404541
0.041008949279785156
0.04100966453552246
0.042009592056274414
0.04100918769836426
0.04201674461364746
0.042001962661743164
0.04501056671142578
0.04200911521911621
0.04100966453552246
0.043009281158447266
0.04100918769836426
0.04100966453552246
0.04100918769836426
0.043009281158447266
0.04100942611694336
0.040009260177612305
0.04100942611694336
0.04400944709777832
0.042009592056274414
0.04100918769836426
0.04100942611694336
0.04100990295410156
0.043009281158447266
0.04300975799560547
0.041008949279785156
0.041008949279785156
0.04100918769836426
0.04100966453552246
0.04601025581359863
0.040008544921875
0.042009830474853516
0.04100918769836426
0.041008949279785156
0.04100942611694336
0.042009592056274414
0.04300975799560547
0.041008949279785156
0.042009592056274414
0.042009592056274414
0.04501008987426758
0.0400090217590332
0.04100918769836426
0.042009592056274414
0.04100942611694336
0.04100942611694336
0.041008949279785156
0.04100942611694336
0.040008544921875
0.04100918769836426
0.044010162353515625
0.0400090217590332
0.04100918769836426
0.045020103454589844
0.04099893569946289
0.042009830474853516
0.04100942611694336
0.04100918769836426
0.04100918769836426
0.04100918769836426
0.04100918769836426
0.04400992393493652
0.04000973701477051
0.041008710861206055
0.0400090217590332
0.041008949279785156
0.0400090217590332
0.04300975799560547
0.04100942611694336
0.04100942611694336
0.0400090217590332
0.041008710861206055
0.04401063919067383
0.0400090217590332
0.041008710861206055
0.0400090217590332
0.04100918769836426
0.042009592056274414
0.043009042739868164
0.04100966453552246
0.041008949279785156
0.04100990295410156
0.041008949279785156
0.04601001739501953
0.04100990295410156
0.041008949279785156
0.04100918769836426
0.04100942611694336
0.04100918769836426
0.040009260177612305
0.04200935363769531
0.04200911521911621
0.04100942611694336
0.04400992393493652
0.04100918769836426
0.04100918769836426
0.040009260177612305
0.04100942611694336
0.041008949279785156
0.04100918769836426
0.0400083065032959
0.041010141372680664
0.041008949279785156
0.04100918769836426
0.04501032829284668
0.042009830474853516
0.041008949279785156
0.04100918769836426
0.04200935363769531
0.04100966453552246
0.04200911521911621
0.0400090217590332
0.04100918769836426
0.0400090217590332
0.04100918769836426
0.04500913619995117
0.041161298751831055
0.041008949279785156
0.04300999641418457
0.043009042739868164
0.04401063919067383
0.04901123046875
0.04300951957702637
0.043009281158447266
0.04100990295410156
0.041008710861206055
0.04501008987426758
0.042009592056274414
0.04200935363769531
0.04201030731201172
0.04200887680053711
0.042009830474853516
0.042009592056274414
0.04200911521911621
0.04200935363769531
0.04300975799560547
0.04501080513000488
0.04400920867919922
0.04501080513000488
0.04300975799560547
0.04300832748413086
0.043010711669921875
0.04400968551635742
0.04300975799560547
0.04200935363769531
0.04200911521911621
0.04300975799560547
0.04948568344116211
0.04501652717590332
0.04700970649719238
0.04501056671142578
0.05901646614074707
0.04800915718078613
0.04400944709777832
0.04300975799560547
0.04400968551635742
0.04401278495788574
0.044007301330566406
0.04701042175292969
0.04401040077209473
0.043009281158447266
0.04501032829284668
0.04501008987426758
0.04300975799560547
0.04300880432128906
0.043010711669921875
0.04300951957702637
0.04500985145568848
0.04300975799560547
0.048010826110839844
0.04400992393493652
0.04300975799560547
0.04400992393493652
0.04300975799560547
0.043009281158447266
0.04100966453552246
0.04200935363769531
0.04200911521911621
0.04201030731201172
0.04500985145568848
0.04200935363769531
0.04100918769836426
0.04200935363769531
0.042009830474853516
0.04300951957702637
0.042009592056274414
0.04100942611694336
0.043009281158447266
0.04300951957702637
0.042009592056274414
0.04601120948791504
0.04200887680053711
0.04300951957702637
0.04201030731201172
0.04200911521911621
0.04100990295410156
0.04300856590270996
0.04300951957702637
0.042009592056274414
0.04200935363769531
0.042009592056274414
0.046010494232177734
0.04100918769836426
0.042009592056274414
0.04201006889343262
0.043009042739868164
0.04400968551635742
0.04401040077209473
0.043009281158447266
0.04401040077209473
0.04400968551635742
0.04301023483276367
0.04701042175292969
0.06001687049865723
0.04800724983215332
0.04400920867919922
0.04301047325134277
0.04801034927368164
0.04501056671142578
0.04401063919067383
0.04400897026062012
0.044010162353515625
0.04901123046875
0.043009042739868164
0.04300975799560547
0.04300951957702637
0.044010162353515625
0.04501008987426758
0.04300975799560547
0.04601025581359863
0.042009830474853516
0.04200911521911621
0.042009592056274414
0.04601025581359863
0.042009592056274414
0.043012142181396484
0.04300737380981445
0.042009830474853516
0.04200911521911621
0.04400992393493652
0.041008949279785156
0.042009592056274414
0.04100990295410156
0.04100847244262695
0.04501008987426758
0.04200935363769531
0.04201006889343262
0.04200911521911621
0.042009592056274414
0.042009592056274414
0.04300975799560547
0.042009592056274414
0.04400968551635742
0.044010162353515625
0.04400968551635742
0.046010494232177734
0.042009592056274414
0.04501008987426758
0.04400920867919922
0.04400992393493652
0.04400968551635742
0.04401040077209473
0.042009592056274414
0.044010162353515625
0.04401063919067383
0.04800987243652344
0.04300975799560547
0.04301023483276367
0.04300951957702637
0.043009281158447266
0.04401063919067383
0.04600977897644043
0.04400992393493652
0.04400968551635742
0.04300975799560547
0.04300999641418457
0.047009944915771484
0.04100918769836426
0.04201030731201172
0.04200887680053711
0.04100942611694336
0.04200911521911621
0.042009592056274414
0.040009260177612305
0.04200935363769531
0.040009260177612305
0.041008710861206055
0.04701113700866699
