0.06501531600952148
0.04200935363769531
0.041008949279785156
0.04301095008850098
0.048009634017944336
0.04501032829284668
0.042009592056274414
0.041008949279785156
0.04501008987426758
0.04401111602783203
0.04800987243652344
0.04100918769836426
0.04801034927368164
0.05201244354248047
0.04400968551635742
0.04300975799560547
0.04200935363769531
0.0400090217590332
0.04100942611694336
0.04501008987426758
0.04100942611694336
0.04300951957702637
0.04100918769836426
0.042009592056274414
0.05101180076599121
0.05701184272766113
0.04701113700866699
0.04401063919067383
0.045009613037109375
0.043009042739868164
0.0490117073059082
0.04501199722290039
0.04500746726989746
0.05101180076599121
0.04701089859008789
0.04400992393493652
0.04300975799560547
0.04300975799560547
0.04400968551635742
0.04300975799560547
0.04701113700866699
0.04400944709777832
0.04200935363769531
0.04300975799560547
0.042009830474853516
0.04300951957702637
0.04300951957702637
0.04300975799560547
0.044010162353515625
0.04200863838195801
0.043010711669921875
0.04801034927368164
0.04300975799560547
0.043009281158447266
0.04300975799560547
0.04501056671142578
0.04300951957702637
0.07701778411865234
0.054004669189453125
0.048010826110839844
0.046010732650756836
0.04400968551635742
0.04701066017150879
0.042009830474853516
0.04401063919067383
0.04300880432128906
0.043009281158447266
0.04401087760925293
0.04200863838195801
0.04300951957702637
0.04200887680053711
0.04201054573059082
0.04301023483276367
0.04600954055786133
0.042009592056274414
0.04100942611694336
0.04401040077209473
0.04500985145568848
0.04400968551635742
0.05001115798950195
0.044010162353515625
0.044010162353515625
0.04400944709777832
0.04701066017150879
0.04300999641418457
0.04300951957702637
0.04400968551635742
0.04300975799560547
0.04200935363769531
0.04300975799560547
0.046010494232177734
0.041008949279785156
0.042009830474853516
0.041008949279785156
0.04501008987426758
0.0400090217590332
0.042009830474853516
0.041008949279785156
0.04100942611694336
0.04200935363769531
0.04300951957702637
0.04100918769836426
0.04100966453552246
0.042009592056274414
0.04400992393493652
0.0600132942199707
0.048011064529418945
0.04100942611694336
0.04100847244262695
0.04601168632507324
0.044008493423461914
0.04201006889343262
0.04200935363769531
0.04200911521911621
0.04100942611694336
0.042009592056274414
0.04500985145568848
0.041008949279785156
0.04100966453552246
0.04100942611694336
0.04200935363769531
0.042009592056274414
0.04100966453552246
0.043009042739868164
0.042009592056274414
0.04100942611694336
0.04601001739501953
0.041008949279785156
0.042009830474853516
0.04200935363769531
0.04200935363769531
0.042009830474853516
0.04200911521911621
0.042009830474853516
0.04601025581359863
0.04300999641418457
0.04300951957702637
0.04801034927368164
0.04300999641418457
0.044010162353515625
0.043009042739868164
0.04301023483276367
0.042009592056274414
0.04200887680053711
0.043009281158447266
0.04201054573059082
0.04401087760925293
0.04100775718688965
0.04501008987426758
0.04200935363769531
0.04100942611694336
0.041008710861206055
0.04201030731201172
0.041008710861206055
0.04100942611694336
0.04100918769836426
0.04200935363769531
0.042009592056274414
0.04100942611694336
0.04701042175292969
0.04100942611694336
0.04300999641418457
0.04200911521911621
0.042009592056274414
0.041008710861206055
0.04201006889343262
0.0400087833404541
0.04200935363769531
0.04100966453552246
0.04601001739501953
0.04300975799560547
0.04100918769836426
0.04100918769836426
0.04200911521911621
0.04301023483276367
0.041008949279785156
0.04100918769836426
0.04100966453552246
0.041008949279785156
0.040009260177612305
0.04501008987426758
0.041008949279785156
0.04100942611694336
0.04100918769836426
0.040009498596191406
0.04200911521911621
0.042009592056274414
0.04200935363769531
0.042009830474853516
0.042009592056274414
0.04200863838195801
0.04501032829284668
0.04100942611694336
0.04200911521911621
0.042009830474853516
0.04100942611694336
0.04300951957702637
0.04300999641418457
0.04200887680053711
0.04301023483276367
0.043009281158447266
0.04300975799560547
0.04501008987426758
0.04100918769836426
0.042009592056274414
0.04401040077209473
0.04400992393493652
0.04501032829284668
0.04300880432128906
0.041008710861206055
0.04100990295410156
0.04100966453552246
0.045009613037109375
0.04300975799560547
0.04200911521911621
0.042009592056274414
0.04100942611694336
0.04300951957702637
0.042009592056274414
0.04200911521911621
0.042009830474853516
0.04200935363769531
0.04100942611694336
0.04401040077209473
0.041008710861206055
0.04100966453552246
0.041008949279785156
0.042009592056274414
0.04200911521911621
0.044010162353515625
0.04200935363769531
0.04300975799560547
0.04100918769836426
0.04100918769836426
0.04501032829284668
0.04100990295410156
0.04100847244262695
0.04100942611694336
0.0400090217590332
0.041008949279785156
0.04100942611694336
0.042009592056274414
0.041008949279785156
0.04100966453552246
0.042009592056274414
0.04600977897644043
0.040009498596191406
0.04100942611694336
0.04100918769836426
0.042009830474853516
0.04100847244262695
0.04100918769836426
0.04100918769836426
0.04100942611694336
0.04100918769836426
0.04400992393493652
0.04100918769836426
0.04100918769836426
0.04100966453552246
0.04100918769836426
0.04100966453552246
0.04200887680053711
0.041008949279785156
0.04100918769836426
0.04100942611694336
0.042009592056274414
0.04500985145568848
0.042009592056274414
0.04100966453552246
0.04100847244262695
0.04000973701477051
0.041008949279785156
0.042009592056274414
0.04100918769836426
0.040008544921875
0.04100942611694336
0.040009260177612305
0.046010494232177734
0.04100918769836426
0.04100918769836426
0.04100918769836426
0.04100918769836426
0.041010141372680664
0.04100847244262695
0.04100918769836426
0.0400087833404541
0.04100942611694336
0.0400090217590332
0.04501032829284668
0.04300999641418457
0.041008710861206055
0.04100966453552246
0.04100918769836426
0.041008949279785156
0.04200935363769531
0.04100942611694336
0.0400090217590332
0.04100942611694336
0.04400944709777832
0.04100942611694336
0.04100942611694336
0.04100918769836426
0.04100918769836426
0.041008949279785156
0.04100942611694336
0.04200887680053711
0.04100990295410156
0.04100918769836426
0.04100966453552246
0.04501008987426758
0.041008710861206055
0.04100942611694336
0.042009830474853516
0.04200935363769531
0.04100918769836426
0.040008544921875
0.04100942611694336
0.04100966453552246
0.04100918769836426
0.04100918769836426
0.04400968551635742
0.04100918769836426
0.04100942611694336
0.0400090217590332
0.041008949279785156
0.040009260177612305
0.04200935363769531
0.04100942611694336
0.04100918769836426
0.04100918769836426
0.0400090217590332
0.044010162353515625
0.041008710861206055
0.04000973701477051
0.041008710861206055
0.04100918769836426
0.04100918769836426
0.040009260177612305
0.04300951957702637
0.04100942611694336
0.04100942611694336
0.04501008987426758
0.04000997543334961
0.04100823402404785
0.04200935363769531
0.04100942611694336
0.041008949279785156
0.04100918769836426
0.046010494232177734
0.04200887680053711
0.04201030731201172
0.04100918769836426
0.044010162353515625
0.04100823402404785
0.04100990295410156
0.04100942611694336
0.041008710861206055
0.04100942611694336
0.04100918769836426
0.04100942611694336
0.04100918769836426
0.04100942611694336
0.04300999641418457
0.04400968551635742
0.0400087833404541
0.04100918769836426
0.04100942611694336
0.04100942611694336
0.041008710861206055
0.04100942611694336
0.04100918769836426
0.04000997543334961
0.04100847244262695
0.04100918769836426
0.04400992393493652
0.0400090217590332
0.04100942611694336
0.04100918769836426
0.040008544921875
0.04100942611694336
0.04100918769836426
0.04100966453552246
0.041008949279785156
0.04100918769836426
0.04400968551635742
0.04100918769836426
0.04200935363769531
0.042009830474853516
0.04100918769836426
0.041008949279785156
0.0400090217590332
0.04100966453552246
0.04200911521911621
0.04100942611694336
0.042009592056274414
0.04400968551635742
0.0400090217590332
0.04100918769836426
0.04100942611694336
0.04100966453552246
0.04200935363769531
0.04100918769836426
0.041008710861206055
0.041010141372680664
0.041008710861206055
0.041008949279785156
0.04400992393493652
0.0400090217590332
0.04100942611694336
0.04100942611694336
0.04300951957702637
0.0400090217590332
0.04100966453552246
0.04100847244262695
0.04100966453552246
0.04100966453552246
0.041008949279785156
0.04400992393493652
0.04100918769836426
0.0400090217590332
0.04100966453552246
0.041008710861206055
0.04400968551635742
0.042009592056274414
0.040009260177612305
0.04100942611694336
0.041008949279785156
0.04400992393493652
0.041008949279785156
0.04078483581542969
0.04101967811584473
0.04100680351257324
0.04100942611694336
0.04101133346557617
0.042999267578125
0.04201793670654297
0.041001081466674805
0.04301786422729492
0.04400181770324707
0.0400090217590332
0.04101705551147461
0.04100918769836426
0.042009592056274414
0.04101133346557617
0.0420074462890625
0.04100918769836426
0.04100942611694336
0.04100918769836426
0.041001081466674805
0.04501819610595703
0.04100942611694336
0.04000043869018555
0.04201793670654297
0.041001081466674805
0.04201769828796387
0.043001651763916016
0.042008399963378906
0.04401087760925293
0.04300951957702637
0.04100918769836426
0.04501008987426758
0.04100966453552246
0.041008949279785156
0.04100942611694336
0.04100966453552246
0.041008949279785156
0.042017459869384766
0.04201006889343262
0.0400083065032959
0.0410008430480957
0.045018672943115234
0.0400087833404541
0.04100918769836426
0.0400090217590332
0.04100179672241211
0.04101681709289551
0.04001116752624512
0.041007041931152344
0.042009592056274414
0.0400087833404541
0.04100942611694336
0.04400992393493652
0.04200124740600586
0.04101729393005371
0.041001319885253906
0.040017127990722656
0.04100942611694336
0.04100918769836426
0.04101133346557617
0.041007041931152344
0.04200935363769531
0.04100942611694336
0.04500174522399902
0.04100918769836426
0.04100918769836426
0.042009830474853516
0.041008949279785156
0.042009830474853516
0.04200911521911621
0.040009260177612305
