0.06401467323303223
0.04501008987426758
0.04400968551635742
0.041008949279785156
0.044010162353515625
0.040009260177612305
0.04100966453552246
0.04300832748413086
0.04300975799560547
0.045011043548583984
0.04300880432128906
0.04100942611694336
0.04200911521911621
0.04100942611694336
0.04200935363769531
0.04501032829284668
0.04100966453552246
0.04200887680053711
0.04100942611694336
0.048010826110839844
0.046010732650756836
0.045009613037109375
0.042009830474853516
0.042009592056274414
0.04300951957702637
0.04300951957702637
0.046010732650756836
0.042009592056274414
0.043009281158447266
0.042009592056274414
0.04300951957702637
0.04300975799560547
0.04300975799560547
0.04200935363769531
0.04200935363769531
0.04200935363769531
0.04601097106933594
0.04300951957702637
0.04200911521911621
0.04100942611694336
0.04100918769836426
0.04100966453552246
0.04200935363769531
0.04100918769836426
0.04100942611694336
0.04100942611694336
0.040008544921875
0.04400968551635742
0.04100942611694336
0.04100966453552246
0.041008710861206055
0.041008949279785156
0.041010379791259766
0.04100918769836426
0.04100918769836426
0.04201006889343262
0.042009592056274414
0.04100918769836426
0.04501008987426758
0.04100942611694336
0.041008710861206055
0.042009592056274414
0.042009830474853516
0.04100918769836426
0.04100918769836426
0.04100942611694336
0.04100918769836426
0.04100942611694336
0.04100966453552246
0.045009613037109375
0.041008949279785156
0.04100966453552246
0.04100990295410156
0.041008949279785156
0.04100942611694336
0.04100942611694336
0.042009592056274414
0.04100918769836426
0.04100918769836426
0.044010162353515625
0.0400090217590332
0.04100918769836426
0.04100918769836426
0.04100918769836426
0.04100918769836426
0.041008949279785156
0.04100942611694336
0.046010494232177734
0.04100918769836426
0.0400090217590332
0.04343986511230469
0.04100918769836426
0.0400087833404541
0.04000973701477051
0.0400090217590332
0.04100966453552246
0.041008710861206055
0.04100966453552246
0.04100942611694336
0.04100918769836426
0.0400090217590332
0.04400992393493652
0.0400087833404541
0.04100918769836426
0.04300951957702637
0.04100942611694336
0.04100918769836426
0.0400087833404541
0.040009260177612305
0.040009260177612305
0.0400090217590332
0.040009260177612305
0.04400968551635742
0.04100942611694336
0.04100942611694336
0.04200911521911621
0.041008949279785156
0.04100966453552246
0.04100918769836426
0.04100942611694336
0.040009260177612305
0.040009260177612305
0.04400992393493652
0.04100966453552246
0.041008949279785156
0.04100942611694336
0.04100942611694336
0.04100918769836426
0.04100942611694336
0.04100918769836426
0.04100942611694336
0.04200935363769531
0.042009592056274414
0.04400968551635742
0.04100918769836426
0.040009498596191406
0.04100918769836426
0.041008710861206055
0.04100918769836426
0.041008949279785156
0.040009260177612305
0.04300999641418457
0.041008710861206055
0.04100942611694336
0.04400992393493652
0.04100847244262695
0.04100942611694336
0.04100942611694336
0.04100942611694336
0.04100918769836426
0.04100966453552246
0.04100918769836426
0.041008949279785156
0.04100942611694336
0.042009592056274414
0.04500985145568848
0.040009260177612305
0.040008544921875
0.040009260177612305
0.04100942611694336
0.04100918769836426
0.04100966453552246
0.0400087833404541
0.04100918769836426
0.040009260177612305
0.044010162353515625
0.04100918769836426
0.0400087833404541
0.040009260177612305
0.0400090217590332
0.04100942611694336
0.040009498596191406
0.04100918769836426
0.04100942611694336
0.04100918769836426
0.042009592056274414
0.04400968551635742
0.04100942611694336
0.041008949279785156
0.04100918769836426
0.04100918769836426
0.04200911521911621
0.042009830474853516
0.041008949279785156
0.04100942611694336
0.0400087833404541
0.0400090217590332
0.04401040077209473
0.041008949279785156
0.040009260177612305
0.04100918769836426
0.04100942611694336
0.04100918769836426
0.0400090217590332
0.041010141372680664
0.041008949279785156
0.0400087833404541
0.0400087833404541
0.044010162353515625
0.04100918769836426
0.040009260177612305
0.04100966453552246
0.04200911521911621
0.04300975799560547
0.04100942611694336
0.041008949279785156
0.04100942611694336
0.04100847244262695
0.04401063919067383
0.040009498596191406
0.04100942611694336
0.0400087833404541
0.04100918769836426
0.042009592056274414
0.041008949279785156
0.0400087833404541
0.04100942611694336
0.04100918769836426
0.04100918769836426
0.04400992393493652
0.04100942611694336
0.04100942611694336
0.041008949279785156
0.040009260177612305
0.04100966453552246
0.04100966453552246
0.0400090217590332
0.0400083065032959
0.04201054573059082
0.04100847244262695
0.044010162353515625
0.0400087833404541
0.04100918769836426
0.040009260177612305
0.041008949279785156
0.043009281158447266
0.043009281158447266
0.04200935363769531
0.04100918769836426
0.042009592056274414
0.04100918769836426
0.04500985145568848
0.04100942611694336
0.04100966453552246
0.041008949279785156
0.04100918769836426
0.040009260177612305
0.04100918769836426
0.04100918769836426
0.040008544921875
0.04200935363769531
0.04401040077209473
0.041008710861206055
0.04100847244262695
0.040009260177612305
0.0400090217590332
0.04100942611694336
0.04300975799560547
0.04100942611694336
0.04100942611694336
0.04100918769836426
0.04100942611694336
0.04400992393493652
0.04100918769836426
0.041008949279785156
0.0400087833404541
0.040009260177612305
0.04100918769836426
0.04100918769836426
0.042009592056274414
0.04100942611694336
0.04100966453552246
0.04100918769836426
0.04501032829284668
0.040009260177612305
0.04200911521911621
0.0400090217590332
0.04200911521911621
0.04100966453552246
0.041008949279785156
0.04100918769836426
0.0400090217590332
0.040009260177612305
0.04100918769836426
0.043009281158447266
0.04200935363769531
0.04100942611694336
0.04100918769836426
0.042009592056274414
0.04200935363769531
0.04100918769836426
0.04200935363769531
0.04100966453552246
0.04200911521911621
0.044010162353515625
0.04100918769836426
0.04100918769836426
0.04100966453552246
0.040009260177612305
0.04100942611694336
0.04100942611694336
0.04200935363769531
0.04200935363769531
0.04100942611694336
0.042009592056274414
0.045009613037109375
0.04100942611694336
0.04100942611694336
0.04200911521911621
0.04100942611694336
0.0400090217590332
0.04100918769836426
0.04100918769836426
0.04100942611694336
0.04100966453552246
0.041008949279785156
0.04500937461853027
0.04201078414916992
0.041008710861206055
0.04100942611694336
0.04100918769836426
0.040009260177612305
0.0400090217590332
0.04100918769836426
0.04100942611694336
0.041008710861206055
0.04100966453552246
0.04500985145568848
0.040009498596191406
0.04100942611694336
0.04100966453552246
0.04100918769836426
0.041008949279785156
0.04100942611694336
0.041008949279785156
0.04100918769836426
0.04100942611694336
0.04400992393493652
0.0400083065032959
0.0400087833404541
0.04100942611694336
0.041008949279785156
0.0400090217590332
0.04100966453552246
0.04100918769836426
0.04100942611694336
0.04100918769836426
0.04100942611694336
0.04500985145568848
0.052011728286743164
0.04206037521362305
0.04300951957702637
0.04201006889343262
0.04200911521911621
0.04100918769836426
0.042009592056274414
0.042009592056274414
0.04100918769836426
0.041008949279785156
0.04501008987426758
0.04100942611694336
0.040009260177612305
0.04100918769836426
0.04100942611694336
0.04200935363769531
0.04100966453552246
0.04100966453552246
0.041008949279785156
0.04100942611694336
0.04100942611694336
0.04501056671142578
0.04200911521911621
0.04100942611694336
0.04100942611694336
0.041008949279785156
0.049010515213012695
0.04000973701477051
0.041008949279785156
0.04100942611694336
0.04100966453552246
0.04400968551635742
0.04100918769836426
0.040009260177612305
0.04100918769836426
0.043091773986816406
0.0400090217590332
0.042009592056274414
0.04100918769836426
0.04100942611694336
0.041008710861206055
0.04100918769836426
0.04401040077209473
0.040009260177612305
0.0400087833404541
0.04100942611694336
0.041008949279785156
0.04100847244262695
0.041010141372680664
0.040009260177612305
0.041008949279785156
0.042009592056274414
0.041008949279785156
0.04501032829284668
0.04100942611694336
0.04100942611694336
0.04100942611694336
0.04100918769836426
0.04100918769836426
0.04200935363769531
0.04100942611694336
0.04100918769836426
0.04100918769836426
0.04100942611694336
0.045009613037109375
0.04201006889343262
0.04100918769836426
0.04100942611694336
0.04200935363769531
0.04100966453552246
0.04100918769836426
0.041008710861206055
0.042009592056274414
0.04100942611694336
0.044010162353515625
0.04200935363769531
0.04100942611694336
0.041008949279785156
0.04100942611694336
0.04200911521911621
0.042009830474853516
0.04200935363769531
0.04115867614746094
0.042017459869384766
0.04101133346557617
0.04501032829284668
0.04100179672241211
0.042008399963378906
0.040008544921875
0.04100918769836426
0.04001736640930176
0.04101753234863281
0.04100942611694336
0.04100918769836426
0.04100942611694336
0.041008949279785156
0.04400181770324707
0.04100942611694336
0.041008949279785156
0.04100918769836426
0.04200243949890137
0.04101681709289551
0.04100918769836426
0.04100155830383301
0.04100918769836426
0.0400090217590332
0.040000200271606445
0.04400134086608887
0.040009498596191406
0.0400090217590332
0.04100918769836426
0.042017459869384766
0.04100918769836426
0.041007280349731445
0.04100918769836426
0.04100918769836426
0.04100918769836426
0.04501032829284668
0.04100942611694336
0.040008544921875
0.04100155830383301
0.042009592056274414
0.04101705551147461
0.04100942611694336
0.041001081466674805
0.039998769760131836
0.04201149940490723
0.04300951957702637
0.04501008987426758
0.04100942611694336
0.04100918769836426
0.04100918769836426
0.04100942611694336
0.04100942611694336
0.042009592056274414
0.04100942611694336
0.04100942611694336
0.040008544921875
0.041008949279785156
0.044010162353515625
0.04100918769836426
0.04100942611694336
0.041001319885253906
0.042017221450805664
0.04100918769836426
0.04100942611694336
0.041008949279785156
0.04100918769836426
0.04100942611694336
0.040001630783081055
0.04400897026062012
0.13502287864685059
0.0880124568939209
0.08301901817321777
0.08501911163330078
0.08501100540161133
0.08401894569396973
0.08401894569396973
0.08454585075378418
0.08401894569396973
0.08301925659179688
0.08601903915405273
0.08722949028015137
0.08501911163330078
0.08601927757263184
0.08601903915405273
0.0870203971862793
0.08501863479614258
0.08501911163330078
0.08501958847045898
0.08501887321472168
0.08501911163330078
0.08801984786987305
0.08401870727539062
0.08501958847045898
0.08401870727539062
0.08601951599121094
0.08601951599121094
0.0870199203491211
0.08601975440979004
0.08601832389831543
0.08501982688903809
0.0890195369720459
0.08601975440979004
0.08501958847045898
0.08501935005187988
0.08501911163330078
0.08501911163330078
0.08501911163330078
0.08501911163330078
0.08502054214477539
0.08501791954040527
0.0890200138092041
0.08601927757263184
0.08601951599121094
0.08501982688903809
0.08801937103271484
0.09402060508728027
0.08902096748352051
0.08902120590209961
0.09902215003967285
0.08701848983764648
0.08902096748352051
0.08601903915405273
0.08701944351196289
0.08501958847045898
0.08501887321472168
0.0870199203491211
0.08401870727539062
0.08401942253112793
0.08401894569396973
0.08501982688903809
0.089019775390625
0.08601927757263184
0.08601951599121094
0.08501958847045898
0.08601951599121094
0.08501958847045898
0.08503508567810059
0.08500289916992188
0.08501911163330078
0.08401918411254883
0.08801960945129395
0.08601951599121094
0.08601880073547363
0.08601975440979004
0.08501935005187988
0.08601927757263184
0.08501935005187988
0.08801984786987305
0.08401942253112793
0.08401870727539062
0.08802008628845215
0.08501958847045898
0.08555340766906738
0.08401918411254883
0.0850214958190918
0.08501935005187988
0.09202098846435547
0.08401846885681152
0.08401155471801758
0.08302044868469238
0.08602166175842285
0.08601927757263184
0.08401679992675781
0.08401131629943848
0.08501887321472168
0.0860135555267334
0.08701729774475098
0.08401918411254883
0.08602762222290039
0.08601140975952148
0.08801960945129395
0.08501911163330078
0.08401942253112793
0.08401894569396973
0.10301637649536133
0.09301924705505371
0.0890202522277832
0.0890207290649414
0.08701896667480469
0.08602023124694824
0.0900275707244873
0.08601164817810059
0.08602762222290039
0.08501887321472168
0.08501887321472168
0.08501935005187988
0.08401918411254883
0.08401870727539062
0.08400893211364746
0.08701825141906738
0.08802056312561035
0.08602738380432129
0.08501911163330078
0.0850212574005127
0.08500838279724121
0.08502006530761719
0.08501887321472168
0.08501911163330078
0.08501911163330078
0.08501958847045898
0.09001970291137695
0.08501076698303223
0.08501935005187988
0.08602762222290039
0.08601140975952148
0.08502721786499023
0.08501911163330078
0.08401894569396973
0.08501911163330078
0.08501100540161133
0.10302376747131348
0.08802008628845215
0.0870199203491211
0.08801960945129395
0.08701920509338379
0.08602046966552734
0.08701920509338379
0.08701968193054199
0.10602426528930664
0.08701968193054199
0.09002041816711426
0.09002041816711426
0.09902310371398926
0.09912824630737305
0.11002564430236816
0.09002041816711426
0.0980219841003418
0.0890202522277832
0.0890195369720459
0.09002017974853516
0.09202051162719727
0.09402155876159668
0.15203523635864258
0.10702347755432129
0.09702229499816895
0.11002469062805176
0.11002564430236816
0.09102129936218262
0.08601951599121094
0.08601951599121094
0.09102082252502441
0.08701968193054199
0.08801984786987305
0.08801984786987305
0.08801984786987305
0.0890200138092041
0.0890204906463623
0.0890200138092041
0.08701920509338379
0.08601903915405273
0.09202122688293457
0.08601975440979004
0.08502745628356934
0.08601927757263184
0.08501076698303223
0.08802056312561035
0.08801960945129395
0.08802008628845215
0.0890200138092041
0.0890202522277832
0.09202122688293457
0.08801984786987305
0.0870199203491211
0.08801913261413574
0.08801984786987305
0.08601951599121094
0.08601975440979004
0.08802008628845215
0.0860297679901123
0.08500957489013672
0.0900278091430664
0.08501911163330078
0.08557391166687012
0.08401942253112793
0.08501935005187988
0.08501911163330078
0.08501911163330078
0.08501052856445312
0.08601927757263184
0.08601975440979004
0.089019775390625
0.08601975440979004
0.08501887321472168
0.08501935005187988
0.08701920509338379
0.08501935005187988
0.08401942253112793
0.08501958847045898
0.08502697944641113
0.08801150321960449
0.09502077102661133
0.0870203971862793
0.0890195369720459
0.0890204906463623
0.08801960945129395
0.0870199203491211
0.0870201587677002
0.08601927757263184
0.08501863479614258
0.08501935005187988
0.0880119800567627
0.08601856231689453
0.08602023124694824
0.08601927757263184
0.08601880073547363
0.08501982688903809
0.08801984786987305
0.08601903915405273
0.08501863479614258
0.08401942253112793
0.08802032470703125
0.09002161026000977
0.08601784706115723
0.08601927757263184
0.08501911163330078
0.08501958847045898
0.08601951599121094
0.08801960945129395
0.0870199203491211
0.08401870727539062
0.0870199203491211
0.08501935005187988
0.08501911163330078
0.08501887321472168
0.08601999282836914
0.08601999282836914
0.08401751518249512
0.08501911163330078
0.08701944351196289
0.08501935005187988
0.089019775390625
0.08401918411254883
0.08501911163330078
0.08401894569396973
0.08502745628356934
0.08501100540161133
0.08501958847045898
0.08501076698303223
0.08502006530761719
0.08601856231689453
0.0890202522277832
0.08501911163330078
0.08501935005187988
0.09602165222167969
0.08701944351196289
0.08501935005187988
0.08701944351196289
0.08501911163330078
0.08802008628845215
0.09302091598510742
0.09102058410644531
0.08801937103271484
0.0890204906463623
0.08701968193054199
0.08701920509338379
0.0870201587677002
0.08601951599121094
0.08401870727539062
0.08501911163330078
0.08401894569396973
0.0880284309387207
0.08401036262512207
0.08401918411254883
0.08501935005187988
0.0870203971862793
0.09002137184143066
0.08801937103271484
0.08801960945129395
0.08601880073547363
0.09301996231079102
0.09302234649658203
0.0910193920135498
0.08902096748352051
0.09001922607421875
0.08802032470703125
0.08802056312561035
0.08701968193054199
0.08701944351196289
0.0870199203491211
0.08802056312561035
0.09102010726928711
0.08802008628845215
0.0870199203491211
0.08601927757263184
0.08501911163330078
0.08601951599121094
0.08601927757263184
0.08601951599121094
0.08501887321472168
0.08501982688903809
0.0890195369720459
0.0870199203491211
0.08501911163330078
0.09602165222167969
0.08501911163330078
0.1090245246887207
0.12102746963500977
0.09502124786376953
0.08701968193054199
0.08601951599121094
0.10202288627624512
0.08501863479614258
0.08601951599121094
0.0870199203491211
0.08501911163330078
0.08601927757263184
0.0890200138092041
0.11102652549743652
0.10102105140686035
0.09002065658569336
0.10502290725708008
0.08602094650268555
0.08601880073547363
0.09001827239990234
0.08802080154418945
0.08601927757263184
0.08601999282836914
0.08701920509338379
0.0870201587677002
0.08601903915405273
0.08801960945129395
0.08602023124694824
0.08501863479614258
0.08501911163330078
0.08501887321472168
0.09148073196411133
0.09402203559875488
0.0930185317993164
0.09102082252502441
0.09002041816711426
0.09402251243591309
0.09701991081237793
0.0910196304321289
0.09302115440368652
0.09302139282226562
0.09902286529541016
0.10102128982543945
0.09202146530151367
0.09202098846435547
0.09302067756652832
0.09502100944519043
0.0870199203491211
0.08801984786987305
0.08701944351196289
0.09102010726928711
0.08801984786987305
0.08701920509338379
0.08601975440979004
0.0870203971862793
0.08801937103271484
0.09102034568786621
0.0980222225189209
0.09402084350585938
0.09402132034301758
0.10902523994445801
0.09802126884460449
0.09402155876159668
0.09602212905883789
0.0890200138092041
0.08801984786987305
0.0890195369720459
0.0870203971862793
0.09302186965942383
0.09201884269714355
0.0870201587677002
0.0890195369720459
0.09102106094360352
0.09002017974853516
0.09001994132995605
0.09302091598510742
0.09402155876159668
0.251056432723999
0.08601951599121094
0.08501935005187988
0.08601903915405273
0.08501911163330078
0.0890207290649414
0.0890207290649414
0.089019775390625
0.0870203971862793
0.09102058410644531
0.08701968193054199
0.08802008628845215
0.08801937103271484
0.0890202522277832
0.09002017974853516
0.08801984786987305
0.08701944351196289
0.089019775390625
0.09102082252502441
0.089019775390625
0.08802103996276855
0.08901858329772949
0.08801984786987305
0.08802008628845215
0.09602236747741699
0.09202075004577637
0.10002279281616211
0.09802079200744629
0.1180272102355957
0.0980224609375
0.09001851081848145
0.09002161026000977
0.10602378845214844
0.10202193260192871
0.09102129936218262
0.08801960945129395
0.09002041816711426
0.09101986885070801
0.0890202522277832
0.0890204906463623
0.0870201587677002
0.08701968193054199
0.08801865577697754
0.08802056312561035
0.08701944351196289
0.08802032470703125
0.09602141380310059
0.0890202522277832
0.09602117538452148
0.0960226058959961
0.0890200138092041
0.0890200138092041
0.08801984786987305
0.08701944351196289
0.09302186965942383
0.09602093696594238
0.0890192985534668
0.08601975440979004
0.0870199203491211
0.08601927757263184
0.08801913261413574
0.08802032470703125
0.09102106094360352
0.09002089500427246
0.09302043914794922
0.09001970291137695
0.0890200138092041
0.08601927757263184
0.08601951599121094
0.08501982688903809
0.08501911163330078
0.08601093292236328
0.08501911163330078
0.08802103996276855
0.08601856231689453
0.0890204906463623
0.08501911163330078
0.08501935005187988
0.08501982688903809
0.08501887321472168
0.08401870727539062
0.0890200138092041
0.08501911163330078
0.08601951599121094
0.08602762222290039
0.08801150321960449
0.08501911163330078
0.08701944351196289
0.0870211124420166
0.08602643013000488
0.08501100540161133
0.08501935005187988
0.08501863479614258
0.08601975440979004
0.08701920509338379
0.09102058410644531
0.08601903915405273
0.08601999282836914
