0.06760883331298828
0.04500985145568848
0.041008949279785156
0.041010379791259766
0.04200863838195801
0.04100918769836426
0.04100918769836426
0.041008949279785156
0.04100966453552246
0.04100918769836426
0.04100942611694336
0.04200911521911621
0.04601025581359863
0.04300975799560547
0.04301047325134277
0.04200887680053711
0.04100942611694336
0.042009592056274414
0.04100966453552246
0.04100823402404785
0.04100942611694336
0.04100942611694336
0.04200911521911621
0.0490107536315918
0.05001211166381836
0.04701113700866699
0.04500937461853027
0.042009592056274414
0.04200935363769531
0.04300975799560547
0.042009592056274414
0.043009281158447266
0.04201197624206543
0.04600977897644043
0.042009830474853516
0.04200887680053711
0.042009830474853516
0.04100918769836426
0.04300999641418457
0.04201030731201172
0.04400920867919922
0.046010494232177734
0.044011831283569336
0.044007301330566406
0.048010826110839844
0.04100966453552246
0.041008949279785156
0.04100966453552246
0.04200887680053711
0.04201054573059082
0.04100823402404785
0.0400087833404541
0.04100942611694336
0.04100942611694336
0.04100942611694336
0.04601025581359863
0.0400087833404541
0.04100966453552246
0.041008949279785156
0.04100942611694336
0.04100942611694336
0.04200887680053711
0.0400090217590332
0.042009592056274414
0.040009260177612305
0.04100942611694336
0.045009613037109375
0.04100942611694336
0.04100918769836426
0.04100918769836426
0.04100990295410156
0.04200911521911621
0.04100918769836426
0.0400087833404541
0.042009830474853516
0.041008949279785156
0.044010162353515625
0.04100918769836426
0.04100918769836426
0.04100942611694336
0.04100918769836426
0.04200935363769531
0.04100966453552246
0.041008710861206055
0.04100942611694336
0.041008710861206055
0.04100966453552246
0.04501032829284668
0.04100990295410156
0.0400080680847168
0.04200935363769531
0.042009592056274414
0.04100918769836426
0.04100918769836426
0.04100942611694336
0.04100918769836426
0.042009592056274414
0.040009260177612305
0.04500985145568848
0.04100942611694336
0.041008949279785156
0.04100966453552246
0.041008710861206055
0.04100942611694336
0.041008949279785156
0.04100942611694336
0.04100942611694336
0.042009592056274414
0.04100918769836426
0.04400992393493652
0.04100918769836426
0.041008949279785156
0.04100966453552246
0.04100942611694336
0.04200911521911621
0.04100942611694336
0.04100918769836426
0.0400087833404541
0.04100942611694336
0.04501032829284668
0.0400087833404541
0.04100918769836426
0.04100966453552246
0.0400090217590332
0.0400087833404541
0.042009592056274414
0.04100918769836426
0.04200911521911621
0.040009260177612305
0.04100918769836426
0.04400968551635742
0.20004534721374512
0.0400087833404541
0.04100942611694336
0.0400090217590332
0.041008949279785156
0.04100966453552246
0.04200935363769531
0.04100942611694336
0.04100918769836426
0.04200935363769531
0.04601025581359863
0.04200935363769531
0.04100942611694336
0.04100918769836426
0.042009830474853516
0.041008949279785156
0.042009592056274414
0.04200935363769531
0.04100942611694336
0.04100918769836426
0.04201006889343262
0.045009613037109375
0.041008949279785156
0.04200935363769531
0.04100942611694336
0.04100918769836426
0.042009592056274414
0.04100918769836426
0.042009592056274414
0.0400090217590332
0.04100942611694336
0.041008949279785156
0.04500985145568848
0.04100966453552246
0.04200935363769531
0.04200935363769531
0.04100918769836426
0.04100942611694336
0.04100918769836426
0.04100942611694336
0.04100942611694336
0.04100918769836426
0.044010162353515625
0.04100942611694336
0.04100918769836426
0.042009592056274414
0.04100918769836426
0.04100918769836426
0.041010141372680664
0.04100799560546875
0.04100942611694336
0.04100942611694336
0.041008949279785156
0.046010494232177734
0.04100942611694336
0.041008949279785156
0.042009592056274414
0.04200935363769531
0.04100942611694336
0.04100942611694336
0.04200935363769531
0.041008949279785156
0.04100942611694336
0.04100942611694336
0.04500985145568848
0.043010711669921875
0.04200863838195801
0.041008949279785156
0.042009592056274414
0.042009592056274414
0.04200911521911621
0.042009830474853516
0.04100918769836426
0.04100918769836426
0.042009592056274414
0.04501056671142578
0.04200911521911621
0.042009592056274414
0.04200935363769531
0.04200935363769531
0.04200935363769531
0.042009592056274414
0.04100918769836426
0.04100918769836426
0.04400992393493652
0.04501008987426758
0.04100942611694336
0.04200911521911621
0.04100942611694336
0.04201006889343262
0.04200863838195801
0.04100942611694336
0.04100942611694336
0.04100918769836426
0.042009592056274414
0.04200935363769531
0.04501008987426758
0.04100942611694336
0.04201006889343262
0.04200863838195801
0.04100942611694336
0.04200935363769531
0.04100942611694336
0.04100918769836426
0.0400087833404541
0.04100966453552246
0.041008949279785156
0.04501008987426758
0.040008544921875
0.04201006889343262
0.04100942611694336
0.04200935363769531
0.040009260177612305
0.04100942611694336
0.04100942611694336
0.04100942611694336
0.04100775718688965
0.04301095008850098
0.04501008987426758
0.04200911521911621
0.04100990295410156
0.041008949279785156
0.042009592056274414
0.04200911521911621
0.04100918769836426
0.04100942611694336
0.04100918769836426
0.040009260177612305
0.04501008987426758
0.04701042175292969
0.04100990295410156
0.041008710861206055
0.04100918769836426
0.04400992393493652
0.04200935363769531
0.04100990295410156
0.041008949279785156
0.041008710861206055
0.04100942611694336
0.04400992393493652
0.040009498596191406
0.041008710861206055
0.04100942611694336
0.04100942611694336
0.04100918769836426
0.04100918769836426
0.04100942611694336
0.04100918769836426
0.04100918769836426
0.041008949279785156
0.044010162353515625
0.04109954833984375
0.04100680351257324
0.04100942611694336
0.0400087833404541
0.04100966453552246
0.04300093650817871
0.04100942611694336
0.04100942611694336
0.04200911521911621
0.042009592056274414
0.04500985145568848
0.040009260177612305
0.04101991653442383
0.041998863220214844
0.04100918769836426
0.042009592056274414
0.04100942611694336
0.04200887680053711
0.04100918769836426
0.04100942611694336
0.04401826858520508
0.04100942611694336
0.04100918769836426
0.04100918769836426
0.04100918769836426
0.04100918769836426
0.04100942611694336
0.04100942611694336
0.040001630783081055
0.04101872444152832
0.0420069694519043
0.04401206970214844
0.0420074462890625
0.041001081466674805
0.041008949279785156
0.04201817512512207
0.04100942611694336
0.042000770568847656
0.04101753234863281
0.04000067710876465
0.04101753234863281
0.04100942611694336
0.04400181770324707
0.04101729393005371
0.0410008430480957
0.041008710861206055
0.042009830474853516
0.042009592056274414
0.040009498596191406
0.041008710861206055
0.04100942611694336
0.04100918769836426
0.0400087833404541
0.04501056671142578
0.040017127990722656
0.04100918769836426
0.04006385803222656
0.0429997444152832
0.042009592056274414
0.04100942611694336
0.04200887680053711
0.041008949279785156
0.04100966453552246
0.04501843452453613
0.0400087833404541
0.04100942611694336
0.041008949279785156
0.04100918769836426
0.04100918769836426
0.04100942611694336
0.04100942611694336
0.041008949279785156
0.04100942611694336
0.04100942611694336
0.04400992393493652
0.04100918769836426
0.041001081466674805
0.04100847244262695
0.042009830474853516
0.04201769828796387
0.04200935363769531
0.040009260177612305
0.042009592056274414
0.041008949279785156
0.04101157188415527
0.04399991035461426
0.041019439697265625
0.04099869728088379
0.04101753234863281
0.04100942611694336
0.041008949279785156
0.04100918769836426
0.04000115394592285
0.041008949279785156
0.04000139236450195
0.04101705551147461
0.04501008987426758
0.0400090217590332
0.04100942611694336
0.0400087833404541
0.04100918769836426
0.04101157188415527
0.04100918769836426
0.041007280349731445
0.04001116752624512
0.0400087833404541
0.04400229454040527
0.04100847244262695
0.04100942611694336
0.04100918769836426
0.04100942611694336
0.04100942611694336
0.041008949279785156
0.04100942611694336
0.04101753234863281
0.04001116752624512
0.04100918769836426
0.04500770568847656
0.04100966453552246
0.04000091552734375
0.042017459869384766
0.0400090217590332
0.041008949279785156
0.04100942611694336
0.04100918769836426
0.04100942611694336
0.04100918769836426
0.04100918769836426
0.04400992393493652
0.04101109504699707
0.041007280349731445
0.04100918769836426
0.04200935363769531
0.04100942611694336
0.044010162353515625
0.041001081466674805
0.04100942611694336
0.04101705551147461
0.041001319885253906
0.044017791748046875
0.040009260177612305
0.041008949279785156
0.04100942611694336
0.04000067710876465
0.04122662544250488
0.04100942611694336
0.040008544921875
0.04100942611694336
0.04001140594482422
0.04501008987426758
0.04199862480163574
0.04100966453552246
0.04100918769836426
0.04100966453552246
0.04200887680053711
0.04100918769836426
0.04100918769836426
0.04601883888244629
0.04000115394592285
0.041008949279785156
0.046010494232177734
0.04100942611694336
0.041008949279785156
0.041010141372680664
0.04101705551147461
0.041008949279785156
0.041001319885253906
0.04200935363769531
0.04100966453552246
0.041008710861206055
0.04101705551147461
0.04501056671142578
0.0400087833404541
0.04100942611694336
0.04100918769836426
0.04101157188415527
0.041007041931152344
0.04000115394592285
0.040010929107666016
0.041007041931152344
0.04200935363769531
0.04100942611694336
0.04501008987426758
0.0400090217590332
0.04100918769836426
0.04100918769836426
0.04100918769836426
0.042009592056274414
0.040009260177612305
0.0410006046295166
0.04100942611694336
0.04100918769836426
0.04401111602783203
0.04101848602294922
0.04000663757324219
0.04100942611694336
0.04100942611694336
0.04100918769836426
0.0410006046295166
0.0400090217590332
0.041017770767211914
0.04100155830383301
0.041008949279785156
0.04401040077209473
0.041008710861206055
0.04101729393005371
0.04001116752624512
0.04700040817260742
0.04200911521911621
0.04100918769836426
0.04200935363769531
0.04100942611694336
0.04100918769836426
0.041017770767211914
0.04500985145568848
0.040009260177612305
0.04100918769836426
0.04100942611694336
0.13602900505065918
0.08601951599121094
0.08701086044311523
0.0870201587677002
0.08801937103271484
0.08702826499938965
0.0850212574005127
0.08601713180541992
0.08501911163330078
0.08501076698303223
0.0870199203491211
0.08601927757263184
0.08502745628356934
0.08801984786987305
0.08501100540161133
0.08502745628356934
0.08601927757263184
0.0880124568939209
0.08701825141906738
0.09302163124084473
0.08801913261413574
0.08802008628845215
0.10302376747131348
0.10102272033691406
0.08601903915405273
0.089019775390625
0.0890202522277832
0.08701968193054199
0.08601927757263184
0.08739781379699707
0.08602547645568848
0.08501935005187988
0.08502745628356934
0.08801984786987305
0.08401083946228027
0.08601951599121094
0.08602714538574219
0.08501935005187988
0.08501935005187988
0.08501887321472168
0.08522891998291016
0.08601975440979004
0.08501887321472168
0.08801913261413574
0.08601999282836914
0.08401918411254883
0.08501911163330078
0.09002017974853516
0.08501911163330078
0.08501935005187988
0.08701944351196289
0.09402060508728027
0.08601999282836914
0.0890200138092041
0.08601951599121094
0.08401894569396973
0.08601903915405273
0.08802056312561035
0.09202027320861816
0.08701968193054199
0.08801913261413574
0.08802056312561035
0.08601927757263184
0.09402084350585938
0.08602023124694824
0.08801960945129395
0.08801984786987305
0.08801960945129395
0.08601951599121094
0.08601927757263184
0.08601927757263184
0.0870199203491211
0.08801984786987305
0.09102010726928711
0.08601999282836914
0.0870199203491211
0.08601856231689453
0.0890207290649414
0.09702086448669434
0.08802080154418945
0.09202075004577637
0.08801984786987305
0.08801960945129395
0.09102058410644531
0.09002017974853516
0.08802008628845215
0.08801960945129395
0.09202098846435547
0.09002017974853516
0.08801984786987305
0.08701944351196289
0.08601951599121094
0.08701968193054199
0.0890200138092041
0.08801984786987305
0.0870199203491211
0.08701968193054199
0.09603691101074219
0.11402440071105957
0.09102129936218262
0.09702157974243164
0.09702110290527344
0.09402179718017578
0.09502100944519043
0.09202194213867188
0.09302115440368652
0.12502813339233398
0.09402084350585938
0.09202027320861816
0.09202051162719727
0.09502243995666504
0.09201979637145996
0.09102106094360352
0.09402060508728027
0.09202122688293457
0.09602212905883789
0.09202003479003906
0.09202146530151367
0.09402060508728027
0.09102034568786621
0.08801960945129395
0.08601951599121094
0.0890195369720459
0.09002065658569336
0.08701968193054199
0.08701968193054199
0.08801913261413574
0.08602023124694824
0.08601903915405273
0.0870199203491211
0.09002184867858887
0.09001779556274414
0.09202051162719727
0.10602402687072754
0.09702229499816895
0.08701968193054199
0.09102034568786621
0.1070241928100586
0.08902215957641602
0.09201884269714355
0.09302043914794922
0.0890204906463623
0.08701968193054199
0.09402203559875488
0.09201908111572266
0.09202051162719727
0.08802032470703125
0.0870199203491211
0.08801984786987305
0.08802032470703125
0.08601880073547363
0.08601951599121094
0.08501935005187988
0.0890195369720459
0.08501958847045898
0.08601927757263184
0.08501911163330078
0.08501911163330078
0.09002065658569336
0.09002041816711426
0.08601927757263184
0.08501887321472168
0.08601951599121094
0.0890200138092041
0.08401894569396973
0.08401870727539062
0.08501935005187988
0.08601903915405273
0.08811807632446289
0.0890047550201416
0.08801984786987305
0.0890200138092041
0.08801984786987305
0.09102058410644531
0.08701944351196289
0.08801984786987305
0.08801960945129395
0.0870199203491211
0.08501911163330078
0.08601903915405273
0.0870199203491211
0.08801960945129395
0.08601927757263184
0.0890204906463623
0.08501863479614258
0.08701944351196289
0.08501982688903809
0.08701920509338379
0.08501935005187988
0.08401918411254883
0.08501887321472168
0.08601927757263184
0.09302163124084473
0.0910196304321289
0.09002113342285156
0.09202003479003906
0.08601903915405273
0.0870203971862793
0.09902167320251465
0.0890207290649414
0.08701920509338379
0.08601927757263184
0.08501958847045898
0.08801984786987305
0.08501958847045898
0.08501887321472168
0.08601951599121094
0.08601951599121094
0.08601880073547363
0.08501935005187988
0.08501911163330078
0.08501958847045898
0.08601903915405273
0.0870199203491211
0.08501887321472168
0.08401870727539062
0.09002065658569336
0.08601951599121094
0.08501911163330078
0.08501863479614258
0.0870199203491211
0.08501887321472168
0.08601951599121094
0.0890202522277832
0.08601927757263184
0.08501911163330078
0.08601927757263184
0.08401894569396973
0.08501958847045898
0.08501887321472168
0.08601951599121094
0.08501935005187988
0.08501935005187988
0.09001994132995605
0.08501911163330078
0.08501911163330078
0.08501887321472168
0.08501958847045898
0.08501935005187988
0.08401870727539062
0.08501911163330078
0.08401918411254883
0.08501887321472168
0.08801984786987305
0.08501935005187988
0.08501887321472168
0.08414101600646973
0.08601117134094238
0.08502721786499023
0.08301854133605957
0.08501935005187988
0.0900115966796875
0.09402203559875488
0.09302020072937012
0.11102533340454102
0.09602165222167969
0.08601951599121094
0.08701944351196289
0.08802056312561035
0.08801913261413574
0.08501911163330078
0.08402752876281738
0.08402085304260254
0.08801770210266113
0.08501148223876953
0.08502697944641113
0.08601951599121094
0.08501887321472168
0.08501935005187988
0.08501052856445312
0.08402132987976074
0.08400869369506836
0.08401894569396973
0.0880277156829834
0.08501911163330078
0.08501124382019043
0.08401846885681152
0.08501982688903809
0.08401846885681152
0.08402729034423828
0.08401894569396973
0.08501887321472168
0.08501124382019043
0.08801937103271484
0.08401918411254883
0.08402729034423828
0.08501100540161133
0.08502721786499023
0.08401083946228027
0.08501911163330078
0.08501100540161133
0.08601927757263184
0.08502745628356934
0.08801984786987305
0.08501124382019043
0.08402705192565918
0.08401870727539062
0.08601903915405273
0.08401107788085938
0.08601927757263184
0.08501911163330078
0.08501982688903809
0.08501839637756348
0.0880286693572998
0.08401870727539062
0.08401107788085938
0.0860292911529541
0.08601737022399902
0.08601903915405273
0.08501148223876953
0.08601880073547363
0.09302115440368652
0.08802008628845215
0.09702253341674805
0.09402012825012207
0.0960226058959961
0.08801889419555664
0.08601975440979004
0.08601927757263184
0.08502960205078125
0.08501696586608887
0.08501076698303223
0.08601951599121094
0.08801960945129395
0.0870199203491211
0.08501887321472168
0.08602762222290039
0.08401918411254883
0.08401012420654297
0.08501982688903809
0.08502745628356934
0.08401870727539062
0.08402109146118164
0.08801770210266113
0.08401894569396973
0.08402132987976074
0.08500909805297852
0.08501839637756348
0.08601927757263184
0.08502793312072754
0.08401870727539062
0.08402085304260254
0.08400869369506836
0.0870201587677002
0.08502697944641113
0.08601093292236328
0.08501911163330078
0.08502984046936035
0.08500862121582031
0.08502769470214844
0.08501911163330078
0.08701920509338379
0.08401918411254883
0.0880117416381836
0.08502721786499023
0.08402109146118164
0.08501720428466797
0.08601975440979004
0.08401823043823242
0.08401918411254883
0.08601188659667969
0.08501863479614258
0.08501887321472168
0.0880281925201416
0.08501076698303223
0.08502721786499023
0.08401918411254883
0.08501124382019043
0.08501911163330078
0.08601903915405273
0.09002017974853516
0.09302139282226562
0.0870199203491211
0.09201979637145996
0.08602023124694824
0.08601880073547363
0.08602762222290039
0.08601093292236328
0.08601999282836914
0.08502721786499023
0.08501887321472168
0.08501935005187988
0.08402109146118164
0.08701753616333008
0.08601117134094238
0.08501935005187988
0.08502721786499023
0.08501100540161133
0.08502721786499023
0.08401107788085938
0.08401894569396973
0.08601880073547363
0.08401942253112793
0.089019775390625
0.08402705192565918
0.08601140975952148
0.08401894569396973
0.08602738380432129
0.08602166175842285
0.08400869369506836
0.08502745628356934
0.08401894569396973
0.08501100540161133
0.0880277156829834
0.0850212574005127
0.08400893211364746
0.08501911163330078
0.08401870727539062
0.08501935005187988
0.08401036262512207
0.08401942253112793
0.08502721786499023
0.08402085304260254
0.08701729774475098
0.08501935005187988
0.08601117134094238
0.08401894569396973
0.08402681350708008
0.08401894569396973
0.08401894569396973
0.08601927757263184
0.08501935005187988
0.08501887321472168
0.08802008628845215
0.08601927757263184
0.08501124382019043
0.08502697944641113
0.08501911163330078
0.08601212501525879
0.08601808547973633
0.09202194213867188
0.09001994132995605
0.0890190601348877
0.10402512550354004
0.10802364349365234
0.08601880073547363
0.08501911163330078
0.0870203971862793
0.08601832389831543
0.08502006530761719
0.08502697944641113
0.08501911163330078
0.08701968193054199
0.08701968193054199
0.08501935005187988
0.08401060104370117
0.08502721786499023
0.08401107788085938
0.08502697944641113
0.08401894569396973
0.08501124382019043
0.08502697944641113
0.08601093292236328
0.08801984786987305
0.08501911163330078
0.08501911163330078
0.08601951599121094
0.08601975440979004
0.08501863479614258
0.08501911163330078
0.08401942253112793
0.08501052856445312
0.08501911163330078
0.08802080154418945
0.08701896667480469
0.08501911163330078
0.08502745628356934
0.08601975440979004
0.08501887321472168
0.08401894569396973
0.08601927757263184
0.08501100540161133
0.08501887321472168
0.08801984786987305
0.08601927757263184
0.08401966094970703
0.08501958847045898
0.08701896667480469
0.08501863479614258
0.08502769470214844
0.08401036262512207
0.08602786064147949
0.08501935005187988
0.08701968193054199
0.08501100540161133
0.08601880073547363
0.08601999282836914
0.08502697944641113
0.0850214958190918
0.08501696586608887
0.09401297569274902
0.08801984786987305
0.0890200138092041
0.09102082252502441
0.08701920509338379
0.08501911163330078
0.0890200138092041
0.08601951599121094
0.08502769470214844
0.08701109886169434
