503
507
513
523
527
541
549
561
567
573
577
581
589
595
603
605
611
615
619
623
631
641
647
653
655
661
665
673
679
685
693
701
711
721
729
735
741
745
753
759
763
771
775
787
797
809
815
823
825
829
831
839
851
859
863
865
875
881
887
889
903
911
921
929
937
943
949
953
965
971
979
983
991
997
1007
1013
1019
1023
1029
1033
1039
1047
1051
1061
1063
1069
1083
1089
1095
1099
1101
1107
1115
1121
1129
1145
1151
1163
1171
1179
1187
1193
1199
1209
1215
1223
1227
1231
1235
1245
1255
1271
1279
1285
1289
1289
1295
1299
1301
1305
1313
1319
1325
1349
1361
1375
1381
1393
1405
1419
1427
1429
1431
1435
1443
1447
1451
1455
1465
1475
1481
1485
1487
1489
1495
1505
1517
1527
1539
1545
1551
1555
1561
1567
1575
1579
1591
1597
1603
1607
1609
1613
1617
1623
1631
1647
1657
1665
1667
1683
1691
1697
1705
1713
1719
1727
1735
1741
1749
1753
1767
1777
1783
1787
1793
1803
1815
1825
1839
1853
1861
1867
1869
1871
1873
1881
1891
1899
1907
1921
1927
1941
1945
1961
1971
1981
1987
1991
1993
1995
2001
2009
2017
2023
2031
2043
2053
2063
2073
2077
2081
2083
2089
2099
2105
2119
2123
2129
2133
2135
2143
2151
2167
2189
2199
2209
2213
2223
2231
2237
2241
2253
2259
2267
2271
2277
2283
2289
2297
2301
2319
2327
2333
2339
2341
2347
2357
2365
2373
2375
2379
2383
2387
2399
2405
2413
2425
2431
2437
2447
2455
2463
2467
2485
2503
2521
2531
2535
2539
2541
2545
2561
2575
2585
2597
2603
2611
2621
2631
2643
2649
2653
2657
2663
2671
2675
2677
2681
2685
2693
2699
2701
2707
2713
2719
2727
2735
2741
2753
2761
2775
2779
2785
2789
2791
2801
2815
2825
2831
2837
2843
2847
2861
2871
2883
2891
2895
2903
2911
2923
2937
2943
2951
2955
2957
2977
2985
2997
3005
3009
3019
3025
3033
3045
3051
3063
3069
3075
3089
3101
3107
3121
3139
3151
3159
3165
3169
3175
3185
3191
3201
3205
3211
3229
3235
3243
3245
3251
3273
3283
3293
3297
3301
3305
3311
3315
3323
3329
3339
3345
3353
3357
3367
3373
3387
3395
3411
3427
3439
3447
3447
3449
3451
3467
3477
3491
3499
3507
3511
3515
3519
3521
3527
3535
3539
3551
3559
3565
3573
3585
3593
3599
3605
3609
3617
3623
3635
3647
3655
3659
3669
3675
3681
3689
3697
3705
3713
3719
3735
3745
3751
3759
3769
3775
3783
3797
3801
3813
3823
3829
3835
3841
3851
3859
3869
3881
3889
3897
3899
3901
3907
3909
3919
3925
3941
3961
3977
3985
3989
3991
3995
3999
4005
4021
4027
4037
4049
4055
4067
4071
4077
4085
4099
4107
4113
4115
4125
4133
4137
4151
4169
4185
4197
4199
4203
4207
4215
4219
4227
4233
4237
4245
4249
4257
4263
4271
4295
4309
4319
4327
503
507
513
523
527
541
549
561
567
573
577
581
589
595
603
605
611
615
619
623
631
641
647
653
655
661
665
673
679
685
693
701
711
721
729
735
741
745
753
759
763
771
775
787
797
809
815
823
825
829
831
839
851
859
863
865
875
881
887
889
903
911
921
929
937
943
949
953
965
971
979
983
991
997
1007
1013
1019
1023
1029
1033
1039
1047
1051
1061
1063
1069
1083
1089
1095
1099
1101
1107
1115
1121
1129
1145
1151
1163
1171
1179
1187
1193
1199
1209
1215
1223
1227
1231
1235
1245
1255
1271
1279
1285
1289
1289
1295
1299
1301
1305
1313
1319
1325
1349
1361
1375
1381
1393
1405
1419
1427
1429
1431
1435
1443
1447
1451
1455
1465
1475
1481
1485
1487
1489
1495
1505
1517
1527
1539
1545
1551
1555
1561
1567
1575
1579
1591
1597
1603
1607
1609
1613
1617
1623
1631
1647
1657
1665
1667
1683
1691
1697
1705
1713
1719
1727
1735
1741
1749
1753
1767
1777
1783
1787
1793
1803
1815
1825
1839
1853
1861
1867
1869
1871
1873
1881
1891
1899
1907
1921
1927
1941
1945
1961
1971
1981
1987
1991
1993
1995
2001
2009
2017
2023
2031
2043
2053
2063
2073
2077
2081
2083
2089
2099
2105
2119
2123
2129
2133
2135
2143
2151
2167
2189
2199
2209
2213
2223
2231
2237
2241
2253
2259
2267
2271
2277
2283
2289
2297
2301
2319
2327
2333
2339
2341
2347
2357
2365
2373
2375
2379
2383
2387
2399
2405
2413
2425
2431
2437
2447
2455
2463
2467
2485
2503
2521
2531
2535
2539
2541
2545
2561
2575
2585
2597
2603
2611
2621
2631
2643
2649
2653
2657
2663
2671
2675
2677
2681
2685
2693
2699
2701
2707
2713
2719
2727
2735
2741
2753
2761
2775
2779
2785
2789
2791
2801
2815
2825
2831
2837
2843
2847
2861
2871
2883
2891
2895
2903
2911
2923
2937
2943
2951
2955
2957
2977
2985
2997
3005
3009
3019
3025
3033
3045
3051
3063
3069
3075
3089
3101
3107
3121
3139
3151
3159
3165
3169
3175
3185
3191
3201
3205
3211
3229
3235
3243
3245
3251
3273
3283
3293
3297
3301
3305
3311
3315
3323
3329
3339
3345
3353
3357
3367
3373
3387
3395
3411
3427
3439
3447
3447
3449
3451
3467
3477
3491
3499
3507
3511
3515
3519
3521
3527
3535
3539
3551
3559
3565
3573
3585
3593
3599
3605
3609
3617
3623
3635
3647
3655
3659
3669
3675
3681
3689
3697
3705
3713
3719
3735
3745
3751
3759
3769
3775
3783
3797
3801
3813
3823
3829
3835
3841
3851
3859
3869
3881
3889
3897
3899
3901
3907
3909
3919
3925
3941
3961
3977
3985
3989
3991
3995
3999
4005
4021
4027
4037
4049
4055
4067
4071
4077
4085
4099
4107
4113
4115
4125
4133
4137
4151
4169
4185
4197
4199
4203
4207
4215
4219
4227
4233
4237
4245
4249
4257
4263
4271
4295
4309
4319
4327
