0.06601476669311523
0.041008710861206055
0.042009592056274414
0.04100942611694336
0.04400992393493652
0.04100298881530762
0.041015625
0.04100918769836426
0.04200124740600586
0.041008949279785156
0.04100918769836426
0.04200935363769531
0.04200911521911621
0.04201006889343262
0.04400992393493652
0.04701042175292969
0.042009592056274414
0.04100966453552246
0.041008949279785156
0.04300951957702637
0.041008949279785156
0.04201006889343262
0.041008710861206055
0.042009830474853516
0.04500985145568848
0.04801058769226074
0.0490117073059082
0.04300951957702637
0.04200935363769531
0.04300951957702637
0.04201006889343262
0.04200911521911621
0.04300975799560547
0.04200935363769531
0.043009281158447266
0.042009830474853516
0.04601001739501953
0.042009592056274414
0.04200911521911621
0.04301047325134277
0.04200935363769531
0.042009830474853516
0.04200863838195801
0.04200935363769531
0.04100942611694336
0.041008710861206055
0.04201006889343262
0.04400992393493652
0.041008949279785156
0.041017770767211914
0.04100918769836426
0.04100918769836426
0.04000973701477051
0.0410006046295166
0.041008710861206055
0.04100966453552246
0.041008949279785156
0.04100942611694336
0.04501008987426758
0.0400087833404541
0.04100990295410156
0.04200911521911621
0.04500985145568848
0.04300975799560547
0.04100918769836426
0.04100990295410156
0.04200911521911621
0.041008949279785156
0.04001736640930176
0.04600191116333008
0.16904640197753906
0.04000043869018555
0.041017770767211914
0.04001140594482422
0.041007041931152344
0.041008949279785156
0.04100918769836426
0.04100155830383301
0.04101705551147461
0.040009260177612305
0.04501008987426758
0.04100918769836426
0.04100918769836426
0.040001630783081055
0.04200863838195801
0.04100942611694336
0.04101729393005371
0.04200935363769531
0.04101157188415527
0.041017770767211914
0.04001140594482422
0.04501008987426758
0.04099893569946289
0.042017459869384766
0.041001319885253906
0.041008949279785156
0.04100918769836426
0.04100918769836426
0.042009830474853516
0.041018009185791016
0.04100823402404785
0.04500222206115723
0.04100942611694336
0.04200887680053711
0.04100942611694336
0.042009830474853516
0.041008949279785156
0.04201769828796387
0.04200935363769531
0.04200124740600586
0.04100990295410156
0.04200887680053711
0.04500985145568848
0.04100966453552246
0.041008949279785156
0.042009830474853516
0.04100942611694336
0.041008949279785156
0.04100942611694336
0.041008710861206055
0.041018009185791016
0.04200935363769531
0.04000091552734375
0.04601860046386719
0.041008949279785156
0.04100942611694336
0.0410006046295166
0.04100942611694336
0.04101753234863281
0.04100942611694336
0.041001081466674805
0.042017221450805664
0.04100966453552246
0.04401206970214844
0.041007041931152344
0.04200935363769531
0.04100918769836426
0.042009592056274414
0.0410006046295166
0.04301047325134277
0.04100918769836426
0.041008710861206055
0.04200935363769531
0.041018009185791016
0.04600191116333008
0.04100942611694336
0.04100918769836426
0.041008949279785156
0.042009830474853516
0.041008710861206055
0.042009592056274414
0.04100918769836426
0.042009592056274414
0.04100990295410156
0.0400087833404541
0.04601025581359863
0.04101753234863281
0.04100966453552246
0.041001081466674805
0.042017459869384766
0.0410003662109375
0.041010141372680664
0.041008710861206055
0.041018009185791016
0.04100918769836426
0.04100918769836426
0.047010183334350586
0.042009592056274414
0.04100942611694336
0.04100918769836426
0.04100942611694336
0.04100942611694336
0.0400087833404541
0.04100942611694336
0.04100918769836426
0.04100918769836426
0.04400992393493652
0.04100942611694336
0.0400090217590332
0.04100918769836426
0.04200172424316406
0.04101705551147461
0.04100942611694336
0.041008949279785156
0.04200100898742676
0.04100918769836426
0.04001760482788086
0.04500985145568848
0.040009260177612305
0.04100918769836426
0.04100918769836426
0.04000043869018555
0.04201841354370117
0.0410008430480957
0.04001927375793457
0.04100751876831055
0.04100918769836426
0.0410006046295166
0.04400992393493652
0.04100918769836426
0.04100942611694336
0.041008949279785156
0.04100918769836426
0.040008544921875
0.042020559310913086
0.04099893569946289
0.041008949279785156
0.04100942611694336
0.042009592056274414
0.04400992393493652
0.040017127990722656
0.04200124740600586
0.04100918769836426
0.04100918769836426
0.04200935363769531
0.04401040077209473
0.041008710861206055
0.04100942611694336
0.04001951217651367
0.04500985145568848
0.04100751876831055
0.04100918769836426
0.04100942611694336
0.041008949279785156
0.04100942611694336
0.041008949279785156
0.04100942611694336
0.04200935363769531
0.04100942611694336
0.04100918769836426
0.04400968551635742
0.040009260177612305
0.04100918769836426
0.04100942611694336
0.04001116752624512
0.04100966453552246
0.04200124740600586
0.04001951217651367
0.04100680351257324
0.04100942611694336
0.041008949279785156
0.04400992393493652
0.04100918769836426
0.040009260177612305
0.041001081466674805
0.04201006889343262
0.04100847244262695
0.04200911521911621
0.041010141372680664
0.041008949279785156
0.04100847244262695
0.04100966453552246
0.04601025581359863
0.04100918769836426
0.04100918769836426
0.0400090217590332
0.04201793670654297
0.04100203514099121
0.042008161544799805
0.040009260177612305
0.04100918769836426
0.04100966453552246
0.04300951957702637
0.04000973701477051
0.04101729393005371
0.0400090217590332
0.0410006046295166
0.041018009185791016
0.0410003662109375
0.04001736640930176
0.04400992393493652
0.041001081466674805
0.04100942611694336
0.04401826858520508
0.04100918769836426
0.04100918769836426
0.0410008430480957
0.04001760482788086
0.042009592056274414
0.041008949279785156
0.04001116752624512
0.04100942611694336
0.04100680351257324
0.043001413345336914
0.04400992393493652
0.04100918769836426
0.04100966453552246
0.041008710861206055
0.042009830474853516
0.041008949279785156
0.04100918769836426
0.041017770767211914
0.04000043869018555
0.04201078414916992
0.04100799560546875
0.04400992393493652
0.04100918769836426
0.04100918769836426
0.04001736640930176
0.042009592056274414
0.0410008430480957
0.04601120948791504
0.041008710861206055
0.041008710861206055
0.04100990295410156
0.04500985145568848
0.0400090217590332
0.04202008247375488
0.04100918769836426
0.04100918769836426
0.041007280349731445
0.0400087833404541
0.041008949279785156
0.04100942611694336
0.04100942611694336
0.0410008430480957
0.04401826858520508
0.041008949279785156
0.040009260177612305
0.040009260177612305
0.04101109504699707
0.04099917411804199
0.041019439697265625
0.04199981689453125
0.04101872444152832
0.041998863220214844
0.04201793670654297
0.04400992393493652
0.04100918769836426
0.04100918769836426
0.04100942611694336
0.04100966453552246
0.0410006046295166
0.04100942611694336
0.04101729393005371
0.04001140594482422
0.041008949279785156
0.04001164436340332
0.04400777816772461
0.04101133346557617
0.041007041931152344
0.041001081466674805
0.042009592056274414
0.041008710861206055
0.04100918769836426
0.04100990295410156
0.0400087833404541
0.041008949279785156
0.04400992393493652
0.041017770767211914
0.04001116752624512
0.041007041931152344
0.04101133346557617
0.04100918769836426
0.041007280349731445
0.04200935363769531
0.04200100898742676
0.042009830474853516
0.041008710861206055
0.04501008987426758
0.04100990295410156
0.040009260177612305
0.04100918769836426
0.041008710861206055
0.04100918769836426
0.041008949279785156
0.04100966453552246
0.041008949279785156
0.040008544921875
0.04101753234863281
0.04400968551635742
0.04100966453552246
0.0410003662109375
0.04201006889343262
0.04101705551147461
0.041001319885253906
0.04101729393005371
0.0400090217590332
0.04100942611694336
0.04101109504699707
0.041007041931152344
0.04400229454040527
0.04101729393005371
0.041008949279785156
0.04200935363769531
0.041001319885253906
0.042017459869384766
0.04200124740600586
0.04100966453552246
0.040017127990722656
0.041001319885253906
0.04400920867919922
0.040007829666137695
0.04100966453552246
0.04100966453552246
0.041008949279785156
0.04100966453552246
0.041008949279785156
0.04100966453552246
0.041008710861206055
0.04100966453552246
0.04101729393005371
0.04400944709777832
0.04000091552734375
0.041017770767211914
0.041001081466674805
0.04101705551147461
0.041001319885253906
0.04100942611694336
0.0400080680847168
0.04100966453552246
0.04100942611694336
0.04100918769836426
0.04401826858520508
0.04100966453552246
0.041008949279785156
0.0400090217590332
0.04200935363769531
0.04100918769836426
0.0400090217590332
0.040009260177612305
0.0410003662109375
0.041017770767211914
0.0500030517578125
0.05001187324523926
0.04501032829284668
0.04200863838195801
0.04100918769836426
0.04300951957702637
0.04100990295410156
0.041008949279785156
0.04200935363769531
0.04100990295410156
0.04100823402404785
0.04501056671142578
0.04001951217651367
0.04099917411804199
0.041008710861206055
0.04100918769836426
0.04100942611694336
0.041008949279785156
0.04100942611694336
0.040009498596191406
0.041008949279785156
0.04100966453552246
0.045009613037109375
0.04100918769836426
0.0400090217590332
0.04100966453552246
0.04100918769836426
0.04100942611694336
0.04101920127868652
0.04100680351257324
0.0400090217590332
0.04100966453552246
0.04100918769836426
0.04501008987426758
0.041008949279785156
0.040001630783081055
0.04101681709289551
0.04100942611694336
0.04100942611694336
0.0400090217590332
0.0400090217590332
0.04100942611694336
0.041001319885253906
0.04101705551147461
0.04300975799560547
0.04101109504699707
0.04099893569946289
0.041017770767211914
0.041008949279785156
0.042009592056274414
0.04000115394592285
0.042017221450805664
0.04000139236450195
0.04001665115356445
0.04501008987426758
0.040009260177612305
0.041001081466674805
0.04101753234863281
0.04200935363769531
0.041008949279785156
0.04100918769836426
0.04100942611694336
0.04001164436340332
0.04100656509399414
0.0410008430480957
0.04501032829284668
0.04100990295410156
0.04100823402404785
0.042009592056274414
0.041018009185791016
0.04200935363769531
0.042009592056274414
0.04200935363769531
0.041008949279785156
0.04001116752624512
0.041007041931152344
0.04501056671142578
0.13503146171569824
0.08502674102783203
0.08501935005187988
0.09602165222167969
0.08501911163330078
0.08801984786987305
0.21504855155944824
0.08501911163330078
0.08401060104370117
0.08402705192565918
0.08401894569396973
0.08501911163330078
0.0850214958190918
0.08400893211364746
0.08602690696716309
0.08802032470703125
0.08501911163330078
0.08401107788085938
0.08501839637756348
0.08650779724121094
0.09001970291137695
0.09002089500427246
0.09002065658569336
0.08701872825622559
0.09002041816711426
0.08501958847045898
0.08601927757263184
0.10602378845214844
0.08701968193054199
0.08701944351196289
0.08501935005187988
0.08502745628356934
0.08401060104370117
0.0890200138092041
0.08601975440979004
0.08501863479614258
0.08501911163330078
0.08601975440979004
0.08501887321472168
0.08501982688903809
0.08601927757263184
0.08501911163330078
0.08801960945129395
0.08501911163330078
0.08501911163330078
0.08601903915405273
0.08501958847045898
0.08501911163330078
0.08501887321472168
0.08502030372619629
0.08701848983764648
0.08701920509338379
0.09102153778076172
0.08701920509338379
0.08501911163330078
0.08501911163330078
0.08501935005187988
0.08601903915405273
0.08401918411254883
0.08501911163330078
0.08401870727539062
0.09002041816711426
0.08401894569396973
0.08401918411254883
0.08501911163330078
0.08601903915405273
0.08602786064147949
0.0860133171081543
0.08501696586608887
0.08501911163330078
0.08401894569396973
0.08801984786987305
0.08501887321472168
0.08501982688903809
0.0890192985534668
0.09002065658569336
0.08802032470703125
0.09002041816711426
0.08802008628845215
0.09702181816101074
0.09902143478393555
0.09202170372009277
0.08801817893981934
0.09402155876159668
0.11702609062194824
0.10302519798278809
0.09802031517028809
0.09002089500427246
0.09002017974853516
0.0890207290649414
0.08801913261413574
0.09902191162109375
0.10102367401123047
0.08801913261413574
0.09402108192443848
0.09502148628234863
0.09202146530151367
0.08801960945129395
0.08801984786987305
0.0890202522277832
0.0890202522277832
0.09102010726928711
0.08802008628845215
0.08801984786987305
0.08701896667480469
0.0870203971862793
0.08701920509338379
0.08601927757263184
0.08601903915405273
0.08601975440979004
0.08601927757263184
0.08801984786987305
0.08501911163330078
0.08501935005187988
0.08501911163330078
0.08501911163330078
0.08601927757263184
0.08401894569396973
0.08402752876281738
0.08501052856445312
0.08501935005187988
0.09102010726928711
0.08501935005187988
0.08501911163330078
0.08501958847045898
0.08601903915405273
0.08401894569396973
0.08401894569396973
0.08401942253112793
0.08501887321472168
0.08401870727539062
0.08802032470703125
0.08501911163330078
0.08401894569396973
0.08501982688903809
0.08301877975463867
0.08501887321472168
0.09102082252502441
0.089019775390625
0.09502148628234863
0.089019775390625
0.09002065658569336
0.08601951599121094
0.08701920509338379
0.0870203971862793
0.08701896667480469
0.08501911163330078
0.08401918411254883
0.08501076698303223
0.0870199203491211
0.08501911163330078
0.08701968193054199
0.08401823043823242
0.08401918411254883
0.08601975440979004
0.08701968193054199
0.08701944351196289
0.08601975440979004
0.08501935005187988
0.08401799201965332
0.08501958847045898
0.08701944351196289
0.08501911163330078
0.08401918411254883
0.08501911163330078
0.08601856231689453
0.09102082252502441
0.08902096748352051
0.08501863479614258
0.0890204906463623
0.08601951599121094
0.0890195369720459
0.08601951599121094
0.08501935005187988
0.08401870727539062
0.08601951599121094
0.089019775390625
0.08601951599121094
0.08601951599121094
0.08601951599121094
0.08501887321472168
0.08701968193054199
0.08501935005187988
0.09202075004577637
0.0980219841003418
0.08601951599121094
0.08501935005187988
0.08401870727539062
0.08501935005187988
0.08601927757263184
0.08501982688903809
0.08801937103271484
0.08501887321472168
0.08401894569396973
0.08401894569396973
0.08501935005187988
0.0890202522277832
0.09102010726928711
0.08601903915405273
0.09902262687683105
0.08501911163330078
0.0890204906463623
0.08501887321472168
0.08601951599121094
0.08501887321472168
0.08601999282836914
0.08501911163330078
0.08501911163330078
0.08501911163330078
0.08401870727539062
0.08401918411254883
0.08801960945129395
0.08501958847045898
0.08401846885681152
0.08401894569396973
0.08501911163330078
0.08501911163330078
0.08501958847045898
0.08501863479614258
0.08401823043823242
0.08501982688903809
0.08802056312561035
0.08701944351196289
0.08401823043823242
0.08601951599121094
0.08801960945129395
0.09102034568786621
0.09202146530151367
0.08701944351196289
0.0870199203491211
0.08501887321472168
0.08802008628845215
0.08501887321472168
0.08601951599121094
0.08401870727539062
0.08601927757263184
0.08501935005187988
0.08501982688903809
0.08501839637756348
0.08601975440979004
0.08501887321472168
0.08802008628845215
0.08401870727539062
0.08502006530761719
0.08401823043823242
0.08501935005187988
0.08501887321472168
0.08601903915405273
0.08501958847045898
0.08601975440979004
0.08501863479614258
0.0890200138092041
0.08501935005187988
0.08501911163330078
0.08501887321472168
0.08502769470214844
0.09401345252990723
0.09001946449279785
0.09502148628234863
0.0870201587677002
0.08601903915405273
0.09002041816711426
0.08602023124694824
0.08701848983764648
0.08501911163330078
0.08501958847045898
0.08501935005187988
0.08401846885681152
0.08601927757263184
0.08401894569396973
0.08601951599121094
0.08802008628845215
0.08501911163330078
0.08501887321472168
0.08401894569396973
0.08501911163330078
0.08501935005187988
0.08501911163330078
0.08401870727539062
0.08401894569396973
0.08501052856445312
0.08801937103271484
0.08802032470703125
0.08701920509338379
0.08501982688903809
0.08602738380432129
0.08501100540161133
0.08501887321472168
0.08688139915466309
0.08401846885681152
0.08401870727539062
0.08802032470703125
0.08401894569396973
0.08601903915405273
0.08601927757263184
0.08601999282836914
0.08601903915405273
0.08601927757263184
0.08501911163330078
0.08701944351196289
0.08401894569396973
0.08802008628845215
0.08401918411254883
0.08601927757263184
0.08401918411254883
0.08501863479614258
0.08601975440979004
0.08501911163330078
0.08601903915405273
0.08501935005187988
0.08401894569396973
0.08801984786987305
0.08501935005187988
0.08401894569396973
0.08401894569396973
0.09202098846435547
0.09202027320861816
0.0890207290649414
0.09001994132995605
0.08601880073547363
0.08601951599121094
0.08802103996276855
0.08801984786987305
0.08701825141906738
0.08601999282836914
0.08501887321472168
0.08401870727539062
0.08601951599121094
0.08501911163330078
0.08601927757263184
0.08501911163330078
0.08802056312561035
0.08501911163330078
0.08501863479614258
0.08501911163330078
0.08701968193054199
0.08501911163330078
0.08401942253112793
0.08401894569396973
0.08501911163330078
0.08601951599121094
0.08802056312561035
0.08601856231689453
0.08401918411254883
0.08501935005187988
0.08501911163330078
0.08601903915405273
0.08401918411254883
0.08501911163330078
0.08501911163330078
0.08401894569396973
0.0870201587677002
0.08601856231689453
0.08401846885681152
0.08502006530761719
0.08501911163330078
0.08501887321472168
0.08401894569396973
0.08501982688903809
0.08501863479614258
0.08401918411254883
0.08701920509338379
0.08501911163330078
0.08401918411254883
0.08501935005187988
0.08601927757263184
0.08601951599121094
0.08501911163330078
0.08401894569396973
0.08501887321472168
0.08601951599121094
0.08802008628845215
0.08501911163330078
0.08501911163330078
0.08501887321472168
0.09302115440368652
0.09202075004577637
0.0870199203491211
0.10302257537841797
0.08802032470703125
0.08701944351196289
0.09402132034301758
0.08801913261413574
0.0890207290649414
0.0890200138092041
0.0890202522277832
0.09202075004577637
0.0890195369720459
0.0870199203491211
0.08801960945129395
0.08601951599121094
0.0890200138092041
0.08701944351196289
0.09202241897583008
0.09502053260803223
0.08801960945129395
0.10002255439758301
0.09502100944519043
0.09902238845825195
0.09502124786376953
0.08801984786987305
0.09402084350585938
0.08802008628845215
0.09002041816711426
0.127028226852417
0.09302139282226562
0.08701968193054199
0.1000220775604248
0.13302969932556152
0.09102082252502441
0.0870201587677002
0.09002017974853516
0.08801913261413574
0.08801937103271484
0.08802008628845215
0.08601927757263184
0.0980222225189209
0.08501911163330078
0.08501935005187988
0.08501887321472168
0.08501935005187988
0.08701920509338379
0.08401918411254883
0.08401894569396973
0.08401894569396973
0.08601927757263184
0.08501935005187988
0.08501887321472168
0.09102058410644531
0.08401942253112793
0.08501935005187988
0.09702348709106445
0.0910191535949707
0.08801937103271484
0.09002017974853516
0.08701944351196289
0.08701944351196289
0.08601999282836914
0.0870201587677002
0.09702110290527344
0.08501958847045898
0.0890192985534668
0.08601951599121094
0.08501935005187988
0.08401870727539062
0.08601975440979004
0.08401918411254883
0.08401870727539062
0.08401942253112793
0.08401823043823242
0.08501958847045898
0.0890195369720459
0.08601975440979004
0.08701920509338379
0.08601951599121094
0.08501935005187988
0.08501887321472168
0.08601951599121094
0.08501911163330078
0.08501935005187988
0.08501911163330078
0.08801960945129395
0.08401918411254883
0.08701896667480469
0.08602023124694824
0.08601903915405273
0.08701944351196289
0.0870201587677002
0.08401870727539062
0.08601927757263184
0.08401870727539062
0.08701968193054199
0.08601951599121094
0.08501935005187988
0.08601927757263184
0.08501911163330078
0.08501911163330078
0.08501911163330078
0.08501911163330078
0.08501911163330078
0.08401966094970703
0.089019775390625
0.08601903915405273
0.08501935005187988
0.08501935005187988
0.08401894569396973
0.08501863479614258
0.08601999282836914
0.08501887321472168
0.08401894569396973
0.08401894569396973
0.09602141380310059
0.08801984786987305
0.08702206611633301
0.08604621887207031
0.08599185943603516
0.08601903915405273
0.08501887321472168
0.08601975440979004
0.08502006530761719
