6648
6776
6908
6948
7024
7086
7206
7264
7380
7478
7610
7720
7744
7796
7810
7818
7902
8000
8122
8204
8306
8402
8564
8652
8768
8796
8836
8942
9048
9160
9304
9508
9656
9872
9914
9928
9960
9992
10002
10036
10068
10140
10238
10454
10556
10662
10694
10774
10848
11218
11522
11798
11972
11898
11860
11896
11926
11988
12080
12146
12218
12356
12406
12512
12530
12530
12606
12762
12888
12986
13144
13258
13428
13610
13660
13736
13808
13812
13856
13876
13872
13892
13978
14070
14196
14272
14478
14580
14782
14830
14830
14876
14948
15114
15274
15368
15412
15406
15410
15458
15494
15538
15810
16126
16446
16682
16692
16702
16796
16888
17008
17092
17236
17304
17458
17536
17612
17658
17770
17888
18010
18108
18164
18208
18314
18356
18400
18504
18584
18770
18858
18924
19012
19104
19194
19244
19264
19326
19412
19472
19476
19482
19518
19608
19676
19762
19828
20010
20160
20334
20464
20536
20636
20736
20836
20900
20958
20992
21090
21172
21258
21268
21318
21370
21454
21508
21524
21550
21590
21618
21680
21784
21838
21916
21946
22056
22124
22230
22242
22208
22294
22398
22500
22618
22746
22818
22954
22966
22964
23014
23060
23258
23352
23464
23466
23502
23682
23812
23934
23940
23940
23978
24024
24066
24088
24134
24174
24258
24318
24422
24458
24490
24572
24616
24694
24766
24792
24874
24912
25070
25162
25320
25452
25522
25612
25692
25950
26132
26428
26476
26508
26606
26762
26920
27064
27086
27044
27102
27150
27222
27260
27282
27386
27466
27534
27616
27732
27892
28046
28136
28212
28302
28398
28456
28492
28498
28568
28656
28736
28806
28830
28924
28984
29056
29064
29148
29198
29284
29338
29356
29422
29448
29452
29532
29652
29746
29880
29938
30080
30252
30380
30492
30496
30544
30652
30760
30868
30892
30888
30900
30966
31032
31112
31156
31186
31230
31268
31314
31360
31514
31624
31732
31796
31778
31846
31980
32100
32202
32268
32252
32326
32410
32602
32690
32860
32912
32934
32978
32974
33016
33132
33200
33272
33292
33342
33562
33698
33844
34018
34078
34284
34420
34432
34516
34592
34672
34814
34888
34902
34972
35050
35230
35342
35558
35766
35992
36178
36256
36326
36384
36432
36468
36506
36514
36526
36532
36560
36568
36592
36648
36738
36820
36872
36932
36990
37218
37340
37468
37558
37540
37624
37618
37680
37796
37976
38104
38188
38218
38208
38216
38358
38444
38552
38586
38558
38646
38698
38820
38886
38958
38986
39014
39062
39110
39168
39180
39232
39252
39310
39354
39430
39450
39480
39578
39624
39720
39730
39712
39808
39844
39940
39976
39992
40044
40112
40250
40380
40492
40510
40528
40608
40736
40858
40946
40984
41062
41132
41214
41268
41318
41334
41386
41496
41572
41780
41956
42060
42144
42166
42274
42404
42576
42640
42724
42782
42826
42882
43000
43064
43230
43312
43504
43606
43696
43714
43688
43808
43880
43990
44010
44124
44194
44378
44480
44552
44598
44620
44686
44744
44842
44884
44934
44962
44990
45018
45050
45078
45196
45336
45458
45562
45600
45680
45734
45804
45816
45886
45918
46026
46086
46162
46226
46292
46370
46488
46508
46554
46568
46580
46612
6648
6776
6908
6948
7024
7086
7206
7264
7380
7478
7610
7720
7744
7796
7810
7818
7902
8000
8122
8204
8306
8402
8564
8652
8768
8796
8836
8942
9048
9160
9304
9508
9656
9872
9914
9928
9960
9992
10002
10036
10068
10140
10238
10454
10556
10662
10694
10774
10848
11218
11522
11798
11972
11898
11860
11896
11926
11988
12080
12146
12218
12356
12406
12512
12530
12530
12606
12762
12888
12986
13144
13258
13428
13610
13660
13736
13808
13812
13856
13876
13872
13892
13978
14070
14196
14272
14478
14580
14782
14830
14830
14876
14948
15114
15274
15368
15412
15406
15410
15458
15494
15538
15810
16126
16446
16682
16692
16702
16796
16888
17008
17092
17236
17304
17458
17536
17612
17658
17770
17888
18010
18108
18164
18208
18314
18356
18400
18504
18584
18770
18858
18924
19012
19104
19194
19244
19264
19326
19412
19472
19476
19482
19518
19608
19676
19762
19828
20010
20160
20334
20464
20536
20636
20736
20836
20900
20958
20992
21090
21172
21258
21268
21318
21370
21454
21508
21524
21550
21590
21618
21680
21784
21838
21916
21946
22056
22124
22230
22242
22208
22294
22398
22500
22618
22746
22818
22954
22966
22964
23014
23060
23258
23352
23464
23466
23502
23682
23812
23934
23940
23940
23978
24024
24066
24088
24134
24174
24258
24318
24422
24458
24490
24572
24616
24694
24766
24792
24874
24912
25070
25162
25320
25452
25522
25612
25692
25950
26132
26428
26476
26508
26606
26762
26920
27064
27086
27044
27102
27150
27222
27260
27282
27386
27466
27534
27616
27732
27892
28046
28136
28212
28302
28398
28456
28492
28498
28568
28656
28736
28806
28830
28924
28984
29056
29064
29148
29198
29284
29338
29356
29422
29448
29452
29532
29652
29746
29880
29938
30080
30252
30380
30492
30496
30544
30652
30760
30868
30892
30888
30900
30966
31032
31112
31156
31186
31230
31268
31314
31360
31514
31624
31732
31796
31778
31846
31980
32100
32202
32268
32252
32326
32410
32602
32690
32860
32912
32934
32978
32974
33016
33132
33200
33272
33292
33342
33562
33698
33844
34018
34078
34284
34420
34432
34516
34592
34672
34814
34888
34902
34972
35050
35230
35342
35558
35766
35992
36178
36256
36326
36384
36432
36468
36506
36514
36526
36532
36560
36568
36592
36648
36738
36820
36872
36932
36990
37218
37340
37468
37558
37540
37624
37618
37680
37796
37976
38104
38188
38218
38208
38216
38358
38444
38552
38586
38558
38646
38698
38820
38886
38958
38986
39014
39062
39110
39168
39180
39232
39252
39310
39354
39430
39450
39480
39578
39624
39720
39730
39712
39808
39844
39940
39976
39992
40044
40112
40250
40380
40492
40510
40528
40608
40736
40858
40946
40984
41062
41132
41214
41268
41318
41334
41386
41496
41572
41780
41956
42060
42144
42166
42274
42404
42576
42640
42724
42782
42826
42882
43000
43064
43230
43312
43504
43606
43696
43714
43688
43808
43880
43990
44010
44124
44194
44378
44480
44552
44598
44620
44686
44744
44842
44884
44934
44962
44990
45018
45050
45078
45196
45336
45458
45562
45600
45680
45734
45804
45816
45886
45918
46026
46086
46162
46226
46292
46370
46488
46508
46554
46568
46580
46612
