9384
9590
9880
10078
10234
10386
10420
10466
10536
10568
10624
10712
10880
10972
11036
11042
11044
11088
11108
11266
11386
11530
11664
11746
11924
12096
12224
12272
12276
12288
12392
12462
12536
12584
12592
12642
12682
12728
12886
13110
13286
13444
13674
13782
13822
13840
13828
13944
14016
14040
14348
14648
14948
15064
15070
15116
15166
15208
15272
15338
15364
15378
15526
15848
16024
16098
16084
16156
16280
16402
16486
16568
16758
16882
16994
17036
17188
17270
17334
17366
17536
17700
17760
17774
17810
18342
18624
18730
18794
18774
18902
19260
19688
19914
20092
20132
20218
20344
20476
20610
20736
20806
20826
20864
21182
21402
21670
21798
22070
22256
22304
22482
22536
22616
22862
23114
23250
23674
23910
24026
24064
24006
24004
24056
24156
24220
24420
24558
24692
24840
24868
24922
25002
25130
25198
25478
25732
26080
26236
26278
26382
26524
26682
26772
26894
26946
27058
27160
27202
27362
27468
27546
27590
27628
27668
27736
27788
27868
28008
28078
28100
28100
28134
28162
28322
28448
28528
28576
28570
28726
29126
29562
29788
29810
29802
29804
29842
29874
29970
30180
30282
30412
30638
30958
31170
31230
31606
31938
32092
32148
32342
32550
32802
33154
33448
33762
33938
33952
34072
34136
34180
34302
34586
34810
34908
34936
34970
35002
35118
35314
35448
35538
35666
35788
35956
36212
36324
36594
36702
36714
36734
36776
36896
36972
37010
37210
37420
37784
38164
38354
38436
38422
38456
38566
38942
39232
39392
39642
39714
39748
39738
39702
39724
39886
40038
40196
40378
40528
40700
40760
40772
40864
40972
41084
41192
41288
41342
41358
41424
41508
41608
41862
42132
42316
42442
42462
42500
42568
42644
42720
42858
42930
43036
43120
43206
43282
43436
43530
43584
43630
43776
43910
43986
44018
44012
44068
44118
44252
44362
44436
44508
44524
44636
44760
44850
45094
45226
45316
45368
45358
45632
45912
46060
46158
46244
46578
46872
47006
47082
47106
47174
47224
47254
47332
47436
47668
47874
48040
48224
48324
48394
48462
48488
48538
48600
48758
48866
48910
48924
48926
49046
49248
49382
49454
49454
49624
49806
49896
50006
50086
50224
50566
50748
50808
50794
50738
50754
50914
51002
51046
51078
51366
51710
51874
51912
51944
52044
52162
52332
52470
52524
52586
52610
52668
52742
52776
52810
52836
52998
53202
53338
53398
53382
53380
53386
53404
53752
53996
54172
54238
54290
54344
54378
54426
54454
54546
54630
54674
54776
54864
54920
55454
55706
55838
55854
55760
55836
55968
56064
56136
56194
56208
56230
56318
56440
56568
56686
56734
56824
56890
56994
57048
57148
57316
57520
57790
57990
58064
58084
58100
58162
58472
58724
58970
59058
59054
59070
59066
59084
59148
59216
59394
59496
59530
59546
59548
59594
59928
60180
60354
60504
60662
60820
60884
60950
60968
61094
61236
61310
61372
61396
61436
61530
61630
61740
61834
61890
62086
62228
62366
62536
62630
62724
62752
62906
63370
63624
63722
63744
63716
63766
63854
63938
64040
64178
64320
64410
64510
64576
64748
64936
65024
65184
65246
65274
65494
65676
65910
66014
66168
66260
66326
66380
66376
66406
66528
66792
66932
67092
67128
9384
9590
9880
10078
10234
10386
10420
10466
10536
10568
10624
10712
10880
10972
11036
11042
11044
11088
11108
11266
11386
11530
11664
11746
11924
12096
12224
12272
12276
12288
12392
12462
12536
12584
12592
12642
12682
12728
12886
13110
13286
13444
13674
13782
13822
13840
13828
13944
14016
14040
14348
14648
14948
15064
15070
15116
15166
15208
15272
15338
15364
15378
15526
15848
16024
16098
16084
16156
16280
16402
16486
16568
16758
16882
16994
17036
17188
17270
17334
17366
17536
17700
17760
17774
17810
18342
18624
18730
18794
18774
18902
19260
19688
19914
20092
20132
20218
20344
20476
20610
20736
20806
20826
20864
21182
21402
21670
21798
22070
22256
22304
22482
22536
22616
22862
23114
23250
23674
23910
24026
24064
24006
24004
24056
24156
24220
24420
24558
24692
24840
24868
24922
25002
25130
25198
25478
25732
26080
26236
26278
26382
26524
26682
26772
26894
26946
27058
27160
27202
27362
27468
27546
27590
27628
27668
27736
27788
27868
28008
28078
28100
28100
28134
28162
28322
28448
28528
28576
28570
28726
29126
29562
29788
29810
29802
29804
29842
29874
29970
30180
30282
30412
30638
30958
31170
31230
31606
31938
32092
32148
32342
32550
32802
33154
33448
33762
33938
33952
34072
34136
34180
34302
34586
34810
34908
34936
34970
35002
35118
35314
35448
35538
35666
35788
35956
36212
36324
36594
36702
36714
36734
36776
36896
36972
37010
37210
37420
37784
38164
38354
38436
38422
38456
38566
38942
39232
39392
39642
39714
39748
39738
39702
39724
39886
40038
40196
40378
40528
40700
40760
40772
40864
40972
41084
41192
41288
41342
41358
41424
41508
41608
41862
42132
42316
42442
42462
42500
42568
42644
42720
42858
42930
43036
43120
43206
43282
43436
43530
43584
43630
43776
43910
43986
44018
44012
44068
44118
44252
44362
44436
44508
44524
44636
44760
44850
45094
45226
45316
45368
45358
45632
45912
46060
46158
46244
46578
46872
47006
47082
47106
47174
47224
47254
47332
47436
47668
47874
48040
48224
48324
48394
48462
48488
48538
48600
48758
48866
48910
48924
48926
49046
49248
49382
49454
49454
49624
49806
49896
50006
50086
50224
50566
50748
50808
50794
50738
50754
50914
51002
51046
51078
51366
51710
51874
51912
51944
52044
52162
52332
52470
52524
52586
52610
52668
52742
52776
52810
52836
52998
53202
53338
53398
53382
53380
53386
53404
53752
53996
54172
54238
54290
54344
54378
54426
54454
54546
54630
54674
54776
54864
54920
55454
55706
55838
55854
55760
55836
55968
56064
56136
56194
56208
56230
56318
56440
56568
56686
56734
56824
56890
56994
57048
57148
57316
57520
57790
57990
58064
58084
58100
58162
58472
58724
58970
59058
59054
59070
59066
59084
59148
59216
59394
59496
59530
59546
59548
59594
59928
60180
60354
60504
60662
60820
60884
60950
60968
61094
61236
61310
61372
61396
61436
61530
61630
61740
61834
61890
62086
62228
62366
62536
62630
62724
62752
62906
63370
63624
63722
63744
63716
63766
63854
63938
64040
64178
64320
64410
64510
64576
64748
64936
65024
65184
65246
65274
65494
65676
65910
66014
66168
66260
66326
66380
66376
66406
66528
66792
66932
67092
67128
