9991
10021
10029
10055
10063
10079
10089
10091
10101
10109
10113
10121
10125
10131
10149
10159
10165
10173
10179
10183
10191
10197
10201
10213
10229
10243
10263
10271
10277
10283
10287
10293
10295
10309
10321
10325
10337
10343
10351
10357
10361
10365
10377
10389
10411
10423
10447
10455
10459
10477
10479
10485
10489
10497
10509
10521
10527
10537
10551
10555
10581
10591
10611
10623
10627
10635
10637
10649
10655
10665
10675
10681
10689
10693
10709
10715
10733
10739
10749
10755
10759
10765
10777
10793
10807
10817
10827
10851
10863
10875
10883
10885
10889
10893
10907
10915
10919
10931
10935
10959
10967
10977
10987
10997
11007
11015
11023
11031
11051
11071
11085
11093
11099
11101
11111
11115
11121
11139
11145
11151
11161
11175
11187
11193
11201
11203
11207
11223
11239
11265
11275
11285
11289
11291
11303
11309
11317
11329
11339
11349
11353
11361
11377
11383
11399
11413
11423
11433
11443
11453
11467
11475
11481
11497
11503
11515
11523
11525
11531
11535
11549
11559
11579
11585
11609
11621
11627
11635
11647
11653
11667
11689
11707
11717
11727
11733
11735
11749
11753
11765
11777
11805
11815
11823
11827
11833
11841
11849
11857
11861
11867
11869
11875
11893
11901
11921
11933
11939
11947
11957
11963
11969
11977
11977
11987
11995
12005
12009
12017
12023
12041
12047
12071
12079
12083
12089
12103
12109
12133
12139
12145
12151
12151
12157
12175
12185
12197
12203
12203
12229
12239
12251
12267
12275
12281
12291
12293
12301
12307
12315
12321
12327
12339
12359
12369
12383
12389
12409
12417
12421
12433
12439
12449
12455
12461
12471
12477
12491
12497
12511
12521
12529
12533
12539
12543
12551
12557
12567
12579
12583
12589
12595
12607
12617
12625
12633
12641
12651
12657
12663
12677
12683
12691
12697
12701
12711
12729
12739
12747
12757
12763
12779
12787
12799
12807
12821
12833
12843
12853
12863
12867
12875
12883
12895
12927
12937
12947
12955
12955
12961
12965
12967
12983
12995
13005
13013
13019
13025
13029
13043
13049
13053
13057
13073
13081
13089
13097
13107
13133
13145
13153
13159
13165
13173
13191
13199
13207
13211
13217
13223
13229
13235
13259
13265
13277
13291
13295
13307
13315
13335
13345
13357
13363
13373
13379
13385
13389
13411
13425
13445
13453
13461
13467
13471
13487
13499
13507
13515
13519
13525
13535
13547
13561
13573
13587
13601
13617
13629
13641
13649
13663
13671
13679
13685
13697
13717
13729
13735
13741
13743
13745
13749
13759
13763
13773
13775
13781
13799
13807
13813
13819
13829
13839
13851
13861
13879
13885
13895
13911
13923
13931
13935
13937
13951
13955
13961
13967
13973
13983
13987
14011
14019
14047
14055
14065
14069
14081
14087
14103
14113
14125
14137
14139
14143
14159
14189
14203
14213
14219
14227
14233
14251
14261
14275
14297
14305
14311
14335
14347
14359
14379
14381
14387
14397
14403
14423
14441
14449
14461
14465
14469
14477
14481
14489
14495
14503
14507
14519
14535
14545
14561
14577
14591
14597
14605
14609
14611
14615
14619
14623
14645
14651
14677
14689
14691
14697
14699
14709
14717
14729
14741
14757
14773
14779
14785
14791
14797
14801
14807
14813
9991
10021
10029
10055
10063
10079
10089
10091
10101
10109
10113
10121
10125
10131
10149
10159
10165
10173
10179
10183
10191
10197
10201
10213
10229
10243
10263
10271
10277
10283
10287
10293
10295
10309
10321
10325
10337
10343
10351
10357
10361
10365
10377
10389
10411
10423
10447
10455
10459
10477
10479
10485
10489
10497
10509
10521
10527
10537
10551
10555
10581
10591
10611
10623
10627
10635
10637
10649
10655
10665
10675
10681
10689
10693
10709
10715
10733
10739
10749
10755
10759
10765
10777
10793
10807
10817
10827
10851
10863
10875
10883
10885
10889
10893
10907
10915
10919
10931
10935
10959
10967
10977
10987
10997
11007
11015
11023
11031
11051
11071
11085
11093
11099
11101
11111
11115
11121
11139
11145
11151
11161
11175
11187
11193
11201
11203
11207
11223
11239
11265
11275
11285
11289
11291
11303
11309
11317
11329
11339
11349
11353
11361
11377
11383
11399
11413
11423
11433
11443
11453
11467
11475
11481
11497
11503
11515
11523
11525
11531
11535
11549
11559
11579
11585
11609
11621
11627
11635
11647
11653
11667
11689
11707
11717
11727
11733
11735
11749
11753
11765
11777
11805
11815
11823
11827
11833
11841
11849
11857
11861
11867
11869
11875
11893
11901
11921
11933
11939
11947
11957
11963
11969
11977
11977
11987
11995
12005
12009
12017
12023
12041
12047
12071
12079
12083
12089
12103
12109
12133
12139
12145
12151
12151
12157
12175
12185
12197
12203
12203
12229
12239
12251
12267
12275
12281
12291
12293
12301
12307
12315
12321
12327
12339
12359
12369
12383
12389
12409
12417
12421
12433
12439
12449
12455
12461
12471
12477
12491
12497
12511
12521
12529
12533
12539
12543
12551
12557
12567
12579
12583
12589
12595
12607
12617
12625
12633
12641
12651
12657
12663
12677
12683
12691
12697
12701
12711
12729
12739
12747
12757
12763
12779
12787
12799
12807
12821
12833
12843
12853
12863
12867
12875
12883
12895
12927
12937
12947
12955
12955
12961
12965
12967
12983
12995
13005
13013
13019
13025
13029
13043
13049
13053
13057
13073
13081
13089
13097
13107
13133
13145
13153
13159
13165
13173
13191
13199
13207
13211
13217
13223
13229
13235
13259
13265
13277
13291
13295
13307
13315
13335
13345
13357
13363
13373
13379
13385
13389
13411
13425
13445
13453
13461
13467
13471
13487
13499
13507
13515
13519
13525
13535
13547
13561
13573
13587
13601
13617
13629
13641
13649
13663
13671
13679
13685
13697
13717
13729
13735
13741
13743
13745
13749
13759
13763
13773
13775
13781
13799
13807
13813
13819
13829
13839
13851
13861
13879
13885
13895
13911
13923
13931
13935
13937
13951
13955
13961
13967
13973
13983
13987
14011
14019
14047
14055
14065
14069
14081
14087
14103
14113
14125
14137
14139
14143
14159
14189
14203
14213
14219
14227
14233
14251
14261
14275
14297
14305
14311
14335
14347
14359
14379
14381
14387
14397
14403
14423
14441
14449
14461
14465
14469
14477
14481
14489
14495
14503
14507
14519
14535
14545
14561
14577
14591
14597
14605
14609
14611
14615
14619
14623
14645
14651
14677
14689
14691
14697
14699
14709
14717
14729
14741
14757
14773
14779
14785
14791
14797
14801
14807
14813
