0.06500673294067383
0.04300975799560547
0.04200935363769531
0.04100918769836426
0.04100942611694336
0.042009592056274414
0.042009830474853516
0.04101681709289551
0.04500222206115723
0.04200863838195801
0.04201006889343262
0.049010276794433594
0.047011375427246094
0.04501056671142578
0.042009830474853516
0.04200911521911621
0.04300999641418457
0.042009830474853516
0.04600977897644043
0.042009830474853516
0.04200911521911621
0.04201006889343262
0.04300975799560547
0.043009042739868164
0.04300999641418457
0.043009042739868164
0.04300999641418457
0.04300999641418457
0.04200911521911621
0.04601120948791504
0.04100918769836426
0.041008710861206055
0.042009592056274414
0.04100942611694336
0.04100942611694336
0.04100918769836426
0.041008949279785156
0.04100990295410156
0.04100942611694336
0.04200911521911621
0.04501032829284668
0.04100918769836426
0.04100918769836426
0.04100942611694336
0.04100942611694336
0.04200935363769531
0.044010162353515625
0.043010711669921875
0.04300856590270996
0.04300975799560547
0.043009042739868164
0.04501008987426758
0.041008949279785156
0.04200935363769531
0.04200935363769531
0.042009830474853516
0.04300975799560547
0.04200887680053711
0.04100990295410156
0.04100966453552246
0.04100966453552246
0.044010162353515625
0.0400090217590332
0.05101132392883301
0.041008949279785156
0.04100966453552246
0.04200935363769531
0.04100918769836426
0.04100942611694336
0.04200911521911621
0.04200935363769531
0.04100942611694336
0.04401040077209473
0.040009498596191406
0.041017770767211914
0.04100942611694336
0.04100918769836426
0.04200124740600586
0.04101753234863281
0.04100966453552246
0.041001081466674805
0.0400083065032959
0.04100942611694336
0.04501008987426758
0.041008949279785156
0.04100942611694336
0.04100918769836426
0.04100918769836426
0.041008710861206055
0.04100942611694336
0.042009592056274414
0.04100918769836426
0.04100942611694336
0.04200935363769531
0.04400968551635742
0.0400090217590332
0.040009260177612305
0.0400090217590332
0.04100966453552246
0.041008710861206055
0.04100942611694336
0.041008949279785156
0.04401040077209473
0.04200887680053711
0.04401040077209473
0.04200935363769531
0.04100918769836426
0.041008949279785156
0.04201054573059082
0.04100823402404785
0.04100918769836426
0.04100942611694336
0.04100918769836426
0.04100966453552246
0.0400090217590332
0.04401206970214844
0.04100680351257324
0.041011810302734375
0.041008949279785156
0.041001319885253906
0.04201769828796387
0.04100918769836426
0.04100918769836426
0.04100918769836426
0.04100918769836426
0.04100966453552246
0.04501008987426758
0.04200100898742676
0.04200935363769531
0.041010141372680664
0.04200887680053711
0.04200911521911621
0.042009592056274414
0.04100942611694336
0.04100918769836426
0.041008710861206055
0.04100966453552246
0.04501056671142578
0.041008949279785156
0.04200935363769531
0.04100942611694336
0.04201006889343262
0.041008949279785156
0.0400087833404541
0.04100990295410156
0.04200887680053711
0.041008949279785156
0.04501032829284668
0.041008949279785156
0.040009260177612305
0.040009260177612305
0.04100966453552246
0.04100918769836426
0.04100942611694336
0.046010494232177734
0.04101753234863281
0.04100942611694336
0.040008544921875
0.04501008987426758
0.04101991653442383
0.04001760482788086
0.04000115394592285
0.04000115394592285
0.04100918769836426
0.04100966453552246
0.040009260177612305
0.04100942611694336
0.041001081466674805
0.04201769828796387
0.04400968551635742
0.04000067710876465
0.041008710861206055
0.041010141372680664
0.041008949279785156
0.04100942611694336
0.04100966453552246
0.041008949279785156
0.04100942611694336
0.041008710861206055
0.04100918769836426
0.04401040077209473
0.040009498596191406
0.041008949279785156
0.041008949279785156
0.04100942611694336
0.042009830474853516
0.04101705551147461
0.04100990295410156
0.041008710861206055
0.04200387001037598
0.04501032829284668
0.041014671325683594
0.04100966453552246
0.041008710861206055
0.04100155830383301
0.041001319885253906
0.04101729393005371
0.04000091552734375
0.04001665115356445
0.04400229454040527
0.04500937461853027
0.04400968551635742
0.20305347442626953
0.040009260177612305
0.04000091552734375
0.04000139236450195
0.041016578674316406
0.0410008430480957
0.04100918769836426
0.04200935363769531
0.04101729393005371
0.053014278411865234
0.04499959945678711
0.041008949279785156
0.041008949279785156
0.041010141372680664
0.04101729393005371
0.04100942611694336
0.04100918769836426
0.04100918769836426
0.04200911521911621
0.041001081466674805
0.04100918769836426
0.04400157928466797
0.042009592056274414
0.042009592056274414
0.04201149940490723
0.04100680351257324
0.04100966453552246
0.0410008430480957
0.04100918769836426
0.04100918769836426
0.041008949279785156
0.041001319885253906
0.04500937461853027
0.04100918769836426
0.04200124740600586
0.04201793670654297
0.04200935363769531
0.04100918769836426
0.04101133346557617
0.04000067710876465
0.04001116752624512
0.04100942611694336
0.04499983787536621
0.042017459869384766
0.04200124740600586
0.04100918769836426
0.042009592056274414
0.04201793670654297
0.04100155830383301
0.04301762580871582
0.04200935363769531
0.04200935363769531
0.04100942611694336
0.04500222206115723
0.042017221450805664
0.042009592056274414
0.04101133346557617
0.04199862480163574
0.042017459869384766
0.041017770767211914
0.04200100898742676
0.04201793670654297
0.0410008430480957
0.04100918769836426
0.04500222206115723
0.04300951957702637
0.04201769828796387
0.04201149940490723
0.0420072078704834
0.042009592056274414
0.04200148582458496
0.043009281158447266
0.04200935363769531
0.04200935363769531
0.042009592056274414
0.04500985145568848
0.042009592056274414
0.042009592056274414
0.04300999641418457
0.041008949279785156
0.04100918769836426
0.041008949279785156
0.042009592056274414
0.04200911521911621
0.04100990295410156
0.04401040077209473
0.04100966453552246
0.041008710861206055
0.04100942611694336
0.04100942611694336
0.041018009185791016
0.04100918769836426
0.041008949279785156
0.04000115394592285
0.03999972343444824
0.04201030731201172
0.04500937461853027
0.04100966453552246
0.04200935363769531
0.04100918769836426
0.04100942611694336
0.04200935363769531
0.04200935363769531
0.04100942611694336
0.040009260177612305
0.0400090217590332
0.0400087833404541
0.045009613037109375
0.04000973701477051
0.040009260177612305
0.040389060974121094
0.04100942611694336
0.0400090217590332
0.04100942611694336
0.04200935363769531
0.04100966453552246
0.04100847244262695
0.04100966453552246
0.044010162353515625
0.04100990295410156
0.042009830474853516
0.041008949279785156
0.04100942611694336
0.042009830474853516
0.041008949279785156
0.041008710861206055
0.042009830474853516
0.04100918769836426
0.04400992393493652
0.04100966453552246
0.0400083065032959
0.040009260177612305
0.042009592056274414
0.041008949279785156
0.04149341583251953
0.04200935363769531
0.04201078414916992
0.04100823402404785
0.04100966453552246
0.04501032829284668
0.041008949279785156
0.04100918769836426
0.042009592056274414
0.041008949279785156
0.04001021385192871
0.04100823402404785
0.04100918769836426
0.041008949279785156
0.0400087833404541
0.041008710861206055
0.04501032829284668
0.0400087833404541
0.04100942611694336
0.04100918769836426
0.04100918769836426
0.04100966453552246
0.04100918769836426
0.041008949279785156
0.040009260177612305
0.0400087833404541
0.040009260177612305
0.04501080513000488
0.041008710861206055
0.04100918769836426
0.04100942611694336
0.04100918769836426
0.04100918769836426
0.04100942611694336
0.04200935363769531
0.042009592056274414
0.04100942611694336
0.04501032829284668
0.04100918769836426
0.04100918769836426
0.04200935363769531
0.042009592056274414
0.042009592056274414
0.04200935363769531
0.04100966453552246
0.04100942611694336
0.04100942611694336
0.04100918769836426
0.04501008987426758
0.0400087833404541
0.04100918769836426
0.04100918769836426
0.04100966453552246
0.04100918769836426
0.04100942611694336
0.041008710861206055
0.042009592056274414
0.04100942611694336
0.041008949279785156
0.04501056671142578
0.04201769828796387
0.04100918769836426
0.041008949279785156
0.04099845886230469
0.04201817512512207
0.04000043869018555
0.04100918769836426
0.04101729393005371
0.0410008430480957
0.04000115394592285
0.04400181770324707
0.040009260177612305
0.04100918769836426
0.0400090217590332
0.04200100898742676
0.041008949279785156
0.04100966453552246
0.04101753234863281
0.041008949279785156
0.041001081466674805
0.04501080513000488
0.041008949279785156
0.0410003662109375
0.04100966453552246
0.04200935363769531
0.04100942611694336
0.04100966453552246
0.04200911521911621
0.04201793670654297
0.04101157188415527
0.0420072078704834
0.04600238800048828
0.04100918769836426
0.041008949279785156
0.0400090217590332
0.04100942611694336
0.04100918769836426
0.04100942611694336
0.04000973701477051
0.04500126838684082
0.042009830474853516
0.04100918769836426
0.04501008987426758
0.04100942611694336
0.04200935363769531
0.04100966453552246
0.041008949279785156
0.041007280349731445
0.041008949279785156
0.04200148582458496
0.04001760482788086
0.041001081466674805
0.04200935363769531
0.04501056671142578
0.04100990295410156
0.042017459869384766
0.042009592056274414
0.041001081466674805
0.041001081466674805
0.04001116752624512
0.041008949279785156
0.041011810302734375
0.041007041931152344
0.044010162353515625
0.041001319885253906
0.0400090217590332
0.04100942611694336
0.04100918769836426
0.04100942611694336
0.04100942611694336
0.04100155830383301
0.04000091552734375
0.04000115394592285
0.041001319885253906
0.04500937461853027
0.04100966453552246
0.04100918769836426
0.0400087833404541
0.04100966453552246
0.04101729393005371
0.0400087833404541
0.0400090217590332
0.04000115394592285
0.04100942611694336
0.040186405181884766
0.04501032829284668
0.042009592056274414
0.04100918769836426
0.04100942611694336
0.040009260177612305
0.04100966453552246
0.04100918769836426
0.04100918769836426
0.04100918769836426
0.04100990295410156
0.041008710861206055
0.04500985145568848
0.04100918769836426
0.04100966453552246
0.04100966453552246
0.04100918769836426
0.041008949279785156
0.04100918769836426
0.041008710861206055
0.1480252742767334
0.0870206356048584
0.09001922607421875
0.0870201587677002
0.08701944351196289
0.0890204906463623
0.08601999282836914
0.08601856231689453
0.08501887321472168
0.08401989936828613
0.08501982688903809
0.08501958847045898
0.08601903915405273
0.08501911163330078
0.0890207290649414
0.08501839637756348
0.08401918411254883
0.08401870727539062
0.08501935005187988
0.08601927757263184
0.08501911163330078
0.08401894569396973
0.08301901817321777
0.08401703834533691
0.08801984786987305
0.08601951599121094
0.08501100540161133
0.08501100540161133
0.09002041816711426
0.08401870727539062
0.08601951599121094
0.08501958847045898
0.08501935005187988
0.08501935005187988
0.08701968193054199
0.08501958847045898
0.08401823043823242
0.08501935005187988
0.08501911163330078
0.08501935005187988
0.08601880073547363
0.08501887321472168
0.08601999282836914
0.08401823043823242
0.08802032470703125
0.08601927757263184
0.08601951599121094
0.09002017974853516
0.09402108192443848
0.08501911163330078
0.08501887321472168
0.08401823043823242
0.08501935005187988
0.08401894569396973
0.08701872825622559
0.08401918411254883
0.08601951599121094
0.08601903915405273
0.08601927757263184
0.09302139282226562
0.08802008628845215
0.09002041816711426
0.09502148628234863
0.09402203559875488
0.09101986885070801
0.09502053260803223
0.0890204906463623
0.08802032470703125
0.0870203971862793
0.08601951599121094
0.08601975440979004
0.08701944351196289
0.08601880073547363
0.08501935005187988
0.09002017974853516
0.09502124786376953
0.08601903915405273
0.08501887321472168
0.08501935005187988
0.08501863479614258
0.08601975440979004
0.08402729034423828
0.08501100540161133
0.08601999282836914
0.08801960945129395
0.08501887321472168
0.08602023124694824
0.09402132034301758
0.08701896667480469
0.08701920509338379
0.08501935005187988
0.08501887321472168
0.08601927757263184
0.08401918411254883
0.09002113342285156
0.09102034568786621
0.089019775390625
0.09102034568786621
0.09302258491516113
0.0890188217163086
0.0890200138092041
0.08701872825622559
0.0870201587677002
0.08801960945129395
0.09002041816711426
0.08802008628845215
0.08501887321472168
0.0870199203491211
0.08601927757263184
0.08601927757263184
0.08502769470214844
0.08601117134094238
0.08501935005187988
0.08401870727539062
0.08801984786987305
0.08501863479614258
0.08501911163330078
0.09302043914794922
0.0890200138092041
0.08801937103271484
0.09702205657958984
0.09002017974853516
0.08501935005187988
0.08601927757263184
0.09002041816711426
0.08802032470703125
0.08801937103271484
0.08801984786987305
0.09002137184143066
0.08801865577697754
0.0870203971862793
0.08701872825622559
0.0870203971862793
0.08601880073547363
0.09702181816101074
0.0890200138092041
0.09302067756652832
0.0890200138092041
0.08801960945129395
0.08601951599121094
0.08801984786987305
0.09001946449279785
0.09102368354797363
0.08901786804199219
0.09402251243591309
0.0890188217163086
0.08701944351196289
0.08801960945129395
0.0890190601348877
0.08902144432067871
0.09001946449279785
0.089019775390625
0.0890200138092041
0.09002065658569336
0.0890204906463623
0.08601927757263184
0.08501911163330078
0.08501935005187988
0.08601927757263184
0.08401894569396973
0.08401894569396973
0.08601951599121094
0.08501887321472168
0.08601927757263184
0.0890202522277832
0.08501911163330078
0.08401894569396973
0.08601999282836914
0.08501887321472168
0.08501982688903809
0.08501124382019043
0.08501887321472168
0.08401870727539062
0.08501863479614258
0.09002065658569336
0.09102058410644531
0.09202051162719727
0.08802103996276855
0.0910186767578125
0.0980222225189209
0.09702205657958984
0.08601999282836914
0.09302115440368652
0.08601927757263184
0.0890200138092041
0.09002065658569336
0.09302067756652832
0.09102082252502441
0.09702157974243164
0.10702395439147949
0.09102129936218262
0.089019775390625
0.09102010726928711
0.0890204906463623
0.09302020072937012
0.09302163124084473
0.09102010726928711
0.09002065658569336
0.09102082252502441
0.08801913261413574
0.08601999282836914
0.08501863479614258
0.08602023124694824
0.08501887321472168
0.08801960945129395
0.08501958847045898
0.08801984786987305
0.09002017974853516
0.09102082252502441
0.09102106094360352
0.09001994132995605
0.10502314567565918
0.08601975440979004
0.08501887321472168
0.0900120735168457
0.09002017974853516
0.08801960945129395
0.09002041816711426
0.09202098846435547
0.08501958847045898
0.08601951599121094
0.08501887321472168
0.08601999282836914
0.08501887321472168
0.0890207290649414
0.08501911163330078
0.08601927757263184
0.08602070808410645
0.08701825141906738
0.08802103996276855
0.08701872825622559
0.08601927757263184
0.08801960945129395
0.09202098846435547
0.09102201461791992
0.09302043914794922
0.0890204906463623
0.08802008628845215
0.08701968193054199
0.08802103996276855
0.08701872825622559
0.0870201587677002
0.08701920509338379
0.08501935005187988
0.0890200138092041
0.08601975440979004
0.0890200138092041
0.09001994132995605
0.08902096748352051
0.0910196304321289
0.09002113342285156
0.09001970291137695
0.09002041816711426
0.08701920509338379
0.09102058410644531
0.08701944351196289
0.08601975440979004
0.08601903915405273
0.09002065658569336
0.0890207290649414
0.09001994132995605
0.0890195369720459
0.11502575874328613
0.08701944351196289
0.09202098846435547
0.08701968193054199
0.08601951599121094
0.09302067756652832
0.09002017974853516
0.09002041816711426
0.08601951599121094
0.08701944351196289
0.08601927757263184
0.08801937103271484
0.09102129936218262
0.08701920509338379
0.08601927757263184
0.08401894569396973
0.08601117134094238
0.08601880073547363
0.08301854133605957
0.08401894569396973
0.08401870727539062
0.08502006530761719
0.0890200138092041
0.08802056312561035
0.08501935005187988
0.08601951599121094
0.08501911163330078
0.08601927757263184
0.09101986885070801
0.09002089500427246
0.08602118492126465
0.08901572227478027
0.09402203559875488
0.09102034568786621
0.09002041816711426
0.09102129936218262
0.09402060508728027
0.09102058410644531
0.0890200138092041
0.08802008628845215
0.08701896667480469
0.08802032470703125
0.09102177619934082
0.09502029418945312
0.08902096748352051
0.09101986885070801
0.09002065658569336
0.09002041816711426
0.09001994132995605
0.08801960945129395
0.0890204906463623
0.08601927757263184
0.09202075004577637
0.08601903915405273
0.089019775390625
0.09002017974853516
0.09002017974853516
0.09102034568786621
0.09002113342285156
0.0910196304321289
0.0890204906463623
0.0890202522277832
0.09102010726928711
0.08601975440979004
0.08601951599121094
0.08401918411254883
0.08401942253112793
0.0890195369720459
0.08701968193054199
0.08802008628845215
0.08501958847045898
0.08501958847045898
0.08801960945129395
0.08801937103271484
0.0870213508605957
0.0870199203491211
0.0870199203491211
0.08701944351196289
0.08701968193054199
0.08601975440979004
0.09002041816711426
0.09302067756652832
0.09102082252502441
0.08701896667480469
0.08802056312561035
0.0870201587677002
0.09602069854736328
0.08802032470703125
0.09102010726928711
0.0980215072631836
0.10202383995056152
0.08801937103271484
0.09002041816711426
0.09102058410644531
0.0890195369720459
0.0980219841003418
0.09602165222167969
0.08801960945129395
0.08701872825622559
0.08602046966552734
0.08701944351196289
0.0870203971862793
0.0910193920135498
0.09002089500427246
0.08802032470703125
0.08801889419555664
0.09202098846435547
0.08802032470703125
0.08802032470703125
0.08601927757263184
0.08802008628845215
0.09002065658569336
0.09001946449279785
0.08802103996276855
0.08601975440979004
0.0890207290649414
0.0890204906463623
0.08801960945129395
0.0890204906463623
0.08802008628845215
0.089019775390625
0.09002041816711426
0.09302067756652832
0.09002017974853516
0.0890200138092041
0.08802151679992676
0.09002065658569336
0.09002017974853516
0.089019775390625
0.09002089500427246
0.0890207290649414
0.08802008628845215
0.09202003479003906
0.09002017974853516
0.0890200138092041
0.09102082252502441
0.0890200138092041
0.08701920509338379
0.08701968193054199
0.08601927757263184
0.08601951599121094
0.08601999282836914
0.0890195369720459
0.09302091598510742
0.09302139282226562
0.09402060508728027
0.09402060508728027
0.10902595520019531
0.09502196311950684
0.09401941299438477
0.09302163124084473
0.09102058410644531
0.09402036666870117
0.0890204906463623
0.09102082252502441
0.08802175521850586
0.0890200138092041
0.09102058410644531
0.09002017974853516
0.0890200138092041
0.09102058410644531
0.09001970291137695
0.09402108192443848
0.089019775390625
0.089019775390625
0.0890200138092041
0.09002065658569336
0.09302091598510742
0.09002041816711426
0.08601903915405273
0.08601951599121094
0.0870201587677002
0.08801937103271484
0.08802103996276855
0.08802008628845215
0.0890204906463623
0.0890200138092041
0.09002017974853516
0.09001994132995605
0.12402820587158203
0.09302115440368652
0.0910189151763916
0.09202122688293457
0.0890202522277832
0.09002041816711426
0.0890200138092041
0.09102106094360352
0.0890195369720459
0.09001994132995605
0.09102177619934082
0.0910193920135498
0.09001946449279785
0.09302115440368652
0.09002089500427246
0.0890195369720459
0.08701968193054199
0.08902096748352051
0.09102082252502441
0.0890190601348877
0.10402560234069824
0.09902095794677734
0.09101986885070801
0.09902262687683105
0.08802008628845215
0.08701896667480469
0.09102106094360352
0.08801984786987305
0.09002041816711426
0.0890202522277832
0.09102010726928711
0.09202075004577637
0.09302163124084473
0.0980217456817627
0.11503124237060547
0.09001493453979492
0.09502077102661133
0.09902262687683105
0.09002065658569336
0.09102034568786621
0.09102106094360352
0.09102201461791992
0.09001874923706055
0.09702181816101074
0.09602189064025879
0.09102034568786621
0.09102082252502441
0.09002017974853516
0.09101986885070801
0.09102058410644531
0.09002089500427246
0.09001994132995605
0.09202098846435547
0.09202146530151367
0.09002041816711426
0.09101986885070801
0.09102153778076172
0.09001946449279785
0.08902192115783691
