0.11502528190612793
0.04300975799560547
0.04200935363769531
0.04200935363769531
0.042009592056274414
0.04100918769836426
0.042009592056274414
0.042009592056274414
0.04100918769836426
0.04100966453552246
0.04300975799560547
0.04600954055786133
0.04201030731201172
0.04300880432128906
0.04100966453552246
0.04200935363769531
0.04100918769836426
0.04100918769836426
0.04100918769836426
0.04100966453552246
0.041008949279785156
0.042009592056274414
0.050012826919555664
0.04600882530212402
0.04601001739501953
0.04300951957702637
0.042009592056274414
0.04401230812072754
0.043007850646972656
0.04400944709777832
0.04401040077209473
0.04400944709777832
0.04300975799560547
0.046010732650756836
0.04400944709777832
0.04300975799560547
0.04300975799560547
0.04200935363769531
0.042086124420166016
0.04193282127380371
0.04301023483276367
0.04200887680053711
0.04100942611694336
0.044010162353515625
0.04100942611694336
0.04201006889343262
0.04100847244262695
0.04100918769836426
0.04100918769836426
0.04100918769836426
0.04100942611694336
0.041008949279785156
0.04100990295410156
0.041008949279785156
0.04501008987426758
0.04200935363769531
0.04100942611694336
0.041008949279785156
0.04100990295410156
0.04200911521911621
0.04200935363769531
0.042009592056274414
0.04100918769836426
0.04200935363769531
0.04100918769836426
0.04501032829284668
0.04200935363769531
0.04201054573059082
0.04100823402404785
0.041008949279785156
0.04200935363769531
0.04300975799560547
0.04201006889343262
0.041008949279785156
0.04100918769836426
0.04100918769836426
0.04400968551635742
0.042009830474853516
0.04100918769836426
0.04101109504699707
0.04400777816772461
0.04401040077209473
0.041008710861206055
0.04101991653442383
0.04099869728088379
0.042009592056274414
0.04501032829284668
0.0400087833404541
0.04100918769836426
0.04100942611694336
0.04100942611694336
0.04100942611694336
0.040008544921875
0.042009830474853516
0.041008949279785156
0.042009592056274414
0.041008949279785156
0.044010162353515625
0.041008949279785156
0.04001045227050781
0.04100775718688965
0.04100942611694336
0.04201078414916992
0.04100823402404785
0.042009592056274414
0.04200935363769531
0.04200935363769531
0.04100942611694336
0.04500985145568848
0.0400090217590332
0.040009260177612305
0.041008710861206055
0.041010141372680664
0.041008949279785156
0.041008949279785156
0.04100847244262695
0.041010141372680664
0.04100918769836426
0.04100918769836426
0.04501199722290039
0.04100751876831055
0.04100918769836426
0.0400090217590332
0.04100918769836426
0.04100942611694336
0.04201078414916992
0.04100751876831055
0.04100942611694336
0.04100942611694336
0.04500985145568848
0.040009260177612305
0.041008949279785156
0.04100918769836426
0.04100966453552246
0.041008710861206055
0.04100966453552246
0.04100918769836426
0.04100918769836426
0.04301023483276367
0.041008710861206055
0.04400968551635742
0.04100942611694336
0.04100942611694336
0.04100942611694336
0.043009281158447266
0.04100942611694336
0.04100918769836426
0.0400090217590332
0.04100966453552246
0.04100847244262695
0.04100966453552246
0.04400992393493652
0.04100942611694336
0.0400090217590332
0.04200935363769531
0.04100990295410156
0.041008710861206055
0.04300951957702637
0.04200935363769531
0.04100966453552246
0.0400087833404541
0.04100847244262695
0.04601097106933594
0.0400087833404541
0.04100942611694336
0.04100990295410156
0.041008949279785156
0.041008949279785156
0.04200935363769531
0.04200935363769531
0.04100942611694336
0.042009592056274414
0.04401087760925293
0.04100823402404785
0.04200935363769531
0.04100942611694336
0.04100918769836426
0.0400090217590332
0.04701042175292969
0.04100942611694336
0.04100942611694336
0.04000973701477051
0.05601191520690918
0.044010162353515625
0.040008544921875
0.0400090217590332
0.04100918769836426
0.04100918769836426
0.04100942611694336
0.04100918769836426
0.041010141372680664
0.042009592056274414
0.04100847244262695
0.04201006889343262
0.04500937461853027
0.041008949279785156
0.042009592056274414
0.04000973701477051
0.04100847244262695
0.04300951957702637
0.0400090217590332
0.04100966453552246
0.04100918769836426
0.04100918769836426
0.042009830474853516
0.045009613037109375
0.04200935363769531
0.04100942611694336
0.04100918769836426
0.04100942611694336
0.04400920867919922
0.04201030731201172
0.041008949279785156
0.04100918769836426
0.04100942611694336
0.044010162353515625
0.041008949279785156
0.04100918769836426
0.04100966453552246
0.04200911521911621
0.0400087833404541
0.042009592056274414
0.04100942611694336
0.04100918769836426
0.04100966453552246
0.04200887680053711
0.04601025581359863
0.04100942611694336
0.04100918769836426
0.04100966453552246
0.04200911521911621
0.04100918769836426
0.04100918769836426
0.04100966453552246
0.04100942611694336
0.041008710861206055
0.04100918769836426
0.04400992393493652
0.04001283645629883
0.041005611419677734
0.04000997543334961
0.04100823402404785
0.04100942611694336
0.04200935363769531
0.04100918769836426
0.04100918769836426
0.04100942611694336
0.041008949279785156
0.04400992393493652
0.04100918769836426
0.04100918769836426
0.04100918769836426
0.04100918769836426
0.04201054573059082
0.04100823402404785
0.040009260177612305
0.04100918769836426
0.04100990295410156
0.04400920867919922
0.041008710861206055
0.04100966453552246
0.04101085662841797
0.041356563568115234
0.041007041931152344
0.04001116752624512
0.041007280349731445
0.041008710861206055
0.04000973701477051
0.04200911521911621
0.04500174522399902
0.04100918769836426
0.04200935363769531
0.04100918769836426
0.04100966453552246
0.042009592056274414
0.04200935363769531
0.04101967811584473
0.041007041931152344
0.04200935363769531
0.04101133346557617
0.04600811004638672
0.04100942611694336
0.0410008430480957
0.04100847244262695
0.04200935363769531
0.04100918769836426
0.04200935363769531
0.04001760482788086
0.04100942611694336
0.04200124740600586
0.04101705551147461
0.044010162353515625
0.0410003662109375
0.042009830474853516
0.04100918769836426
0.04100942611694336
0.04100942611694336
0.041008949279785156
0.04100918769836426
0.04001760482788086
0.04100918769836426
0.04400992393493652
0.0400090217590332
0.04100918769836426
0.04100918769836426
0.04100918769836426
0.04100155830383301
0.04101920127868652
0.041007280349731445
0.041001081466674805
0.040016889572143555
0.04100942611694336
0.04400992393493652
0.04100918769836426
0.04100918769836426
0.04100942611694336
0.04101133346557617
0.042999267578125
0.04100918769836426
0.04100918769836426
0.04200911521911621
0.04301023483276367
0.05601382255554199
0.054010629653930664
0.04400992393493652
0.04100918769836426
0.04100942611694336
0.04201006889343262
0.043009042739868164
0.04100990295410156
0.041008949279785156
0.041008710861206055
0.04100918769836426
0.04001975059509277
0.045008182525634766
0.0410008430480957
0.04101967811584473
0.041007280349731445
0.0400087833404541
0.04100918769836426
0.04100918769836426
0.04100155830383301
0.04101705551147461
0.04100942611694336
0.04400134086608887
0.04100918769836426
0.041017770767211914
0.041001319885253906
0.04101705551147461
0.04201149940490723
0.03999829292297363
0.041018009185791016
0.041001319885253906
0.04101729393005371
0.0410006046295166
0.04501032829284668
0.04100918769836426
0.041008949279785156
0.040009260177612305
0.04001760482788086
0.041008949279785156
0.042009592056274414
0.040010929107666016
0.04100918769836426
0.04100942611694336
0.04199934005737305
0.04601001739501953
0.04100966453552246
0.041008949279785156
0.04100918769836426
0.04100942611694336
0.04100942611694336
0.041008710861206055
0.04100918769836426
0.04100942611694336
0.04201769828796387
0.04101157188415527
0.04400753974914551
0.04101157188415527
0.04000687599182129
0.041011810302734375
0.04099869728088379
0.04101729393005371
0.041008949279785156
0.04100942611694336
0.04100918769836426
0.04100942611694336
0.04400944709777832
0.040009498596191406
0.04100918769836426
0.04101133346557617
0.0420072078704834
0.04101157188415527
0.04100918769836426
0.04100918769836426
0.0420072078704834
0.042009592056274414
0.04100918769836426
0.044010162353515625
0.041008949279785156
0.04100942611694336
0.04100918769836426
0.04100155830383301
0.04101920127868652
0.041007041931152344
0.04200935363769531
0.04100942611694336
0.04101133346557617
0.04099917411804199
0.04501819610595703
0.04100918769836426
0.04100918769836426
0.041008949279785156
0.04100155830383301
0.04200935363769531
0.043009281158447266
0.042009592056274414
0.0400087833404541
0.04100990295410156
0.04100847244262695
0.04501008987426758
0.04102015495300293
0.041007041931152344
0.04100918769836426
0.04100942611694336
0.04100918769836426
0.041008949279785156
0.04200100898742676
0.04100966453552246
0.04100918769836426
0.04400968551635742
0.04100942611694336
0.041008949279785156
0.04001760482788086
0.04100918769836426
0.042009592056274414
0.04100918769836426
0.04100918769836426
0.04101133346557617
0.041007280349731445
0.04100203514099121
0.04500889778137207
0.04100942611694336
0.04100942611694336
0.040008544921875
0.042009592056274414
0.04200935363769531
0.040009498596191406
0.041019439697265625
0.041008949279785156
0.04100775718688965
0.04000067710876465
0.04402017593383789
0.04099893569946289
0.040016889572143555
0.04100942611694336
0.041008949279785156
0.04100942611694336
0.04100942611694336
0.04100918769836426
0.04100918769836426
0.0400087833404541
0.04200124740600586
0.044010162353515625
0.04100918769836426
0.042009592056274414
0.041008949279785156
0.04101991653442383
0.041007041931152344
0.04400157928466797
0.04101753234863281
0.04100918769836426
0.042009592056274414
0.04500150680541992
0.041017770767211914
0.04100942611694336
0.041008949279785156
0.04101133346557617
0.041007280349731445
0.04101157188415527
0.04100680351257324
0.04101157188415527
0.04099917411804199
0.04101705551147461
0.04400205612182617
0.041008949279785156
0.04100966453552246
0.04101705551147461
0.04200172424316406
0.04101681709289551
0.041008949279785156
0.04100942611694336
0.04100179672241211
0.04101681709289551
0.04101157188415527
0.04400992393493652
0.040001630783081055
0.04101681709289551
0.04100918769836426
0.0410008430480957
1.3182976245880127
0.09502100944519043
0.0890200138092041
0.0870199203491211
0.08601856231689453
0.08601999282836914
0.11402559280395508
0.09902238845825195
0.10702347755432129
0.09202098846435547
0.0980219841003418
0.09102153778076172
0.08701920509338379
0.10102295875549316
0.08601880073547363
0.08501935005187988
0.08601951599121094
0.08701968193054199
0.08501863479614258
0.08802032470703125
0.09502291679382324
0.10602211952209473
0.09402203559875488
0.1000220775604248
0.089019775390625
0.08902096748352051
0.09702086448669434
0.0890204906463623
0.10202217102050781
0.09402251243591309
0.0890192985534668
0.09602165222167969
0.09702229499816895
0.089019775390625
0.10502409934997559
0.10202646255493164
0.09001922607421875
0.0890200138092041
0.11102533340454102
0.089019775390625
0.09502196311950684
0.09802103042602539
0.09602642059326172
0.0950171947479248
0.08501887321472168
0.08501935005187988
0.0870199203491211
0.0890200138092041
0.08701968193054199
0.08601975440979004
0.08701848983764648
0.08501958847045898
0.08601903915405273
0.09102129936218262
0.0890207290649414
0.0910193920135498
0.10302400588989258
0.09502077102661133
0.08902192115783691
0.09001803398132324
0.0890202522277832
0.09101986885070801
0.09002065658569336
0.08802008628845215
0.08601975440979004
0.08601880073547363
0.0890200138092041
0.08601999282836914
0.08601927757263184
0.08801984786987305
0.08801984786987305
0.08701896667480469
0.08601975440979004
0.09001994132995605
0.08602023124694824
0.08701896667480469
0.09102106094360352
0.08802008628845215
0.089019775390625
0.08701968193054199
0.089019775390625
0.0890204906463623
0.089019775390625
0.089019775390625
0.11402702331542969
0.09802103042602539
0.10702395439147949
0.09202027320861816
0.09502196311950684
0.089019775390625
0.09302091598510742
0.1090238094329834
0.10702705383300781
0.10102105140686035
0.10202288627624512
0.09502053260803223
0.09702277183532715
0.10102295875549316
0.09101986885070801
0.0890200138092041
0.09102082252502441
0.0890200138092041
0.08902120590209961
0.09702134132385254
0.09102034568786621
0.0890200138092041
0.09202122688293457
0.08801937103271484
0.09002065658569336
0.08801937103271484
0.08801984786987305
0.08701920509338379
0.09302163124084473
0.09502124786376953
0.0980215072631836
0.08701968193054199
0.0890204906463623
0.08601903915405273
0.08701944351196289
0.0870199203491211
0.08601927757263184
0.08601975440979004
0.08601927757263184
0.08601999282836914
0.08701944351196289
0.0890207290649414
0.09601998329162598
0.0890204906463623
0.0890202522277832
0.09001970291137695
0.09102106094360352
0.09202051162719727
0.09002089500427246
0.09002041816711426
0.09602117538452148
0.08801984786987305
0.11302614212036133
0.10402369499206543
0.09902215003967285
0.09001922607421875
0.0890202522277832
0.08801984786987305
0.08701944351196289
0.08601975440979004
0.08601903915405273
0.08601927757263184
0.0890204906463623
0.08501887321472168
0.08601927757263184
0.08502769470214844
0.08601093292236328
0.08601951599121094
0.0870199203491211
0.08701968193054199
0.08601927757263184
0.08701968193054199
0.09002065658569336
0.08701920509338379
0.08701944351196289
0.08601927757263184
0.089019775390625
0.08501958847045898
0.08502745628356934
0.08701109886169434
0.08501935005187988
0.0870201587677002
0.08801937103271484
0.08601951599121094
0.08601880073547363
0.08601999282836914
0.09502172470092773
0.08701872825622559
0.0890202522277832
0.08701968193054199
0.0890200138092041
0.0870203971862793
0.09102082252502441
0.08701825141906738
0.08501911163330078
0.08501935005187988
0.08602786064147949
0.08601903915405273
0.08501935005187988
0.08401894569396973
0.08601951599121094
0.08401894569396973
0.08801150321960449
0.08402705192565918
0.08501124382019043
0.08501982688903809
0.08701896667480469
0.09602189064025879
0.08701968193054199
0.08701968193054199
0.08601903915405273
0.08701968193054199
0.09102034568786621
0.08701968193054199
0.0870201587677002
0.08701920509338379
0.08601903915405273
0.08701944351196289
0.08601999282836914
0.08701920509338379
0.08601951599121094
0.08601903915405273
0.0890200138092041
0.08802056312561035
0.09001994132995605
0.0870199203491211
0.09101986885070801
0.08601975440979004
0.08501911163330078
0.08701920509338379
0.09002089500427246
0.08602714538574219
0.0880124568939209
0.08701920509338379
0.08501935005187988
0.08601880073547363
0.08601927757263184
0.0870208740234375
0.08601832389831543
0.08601975440979004
0.08601927757263184
0.08501839637756348
0.08801984786987305
0.08601927757263184
0.09102153778076172
0.09802079200744629
0.0870201587677002
0.0890202522277832
0.08701920509338379
0.08601927757263184
0.0870199203491211
0.08802032470703125
0.089019775390625
0.08701944351196289
0.08601903915405273
0.08501935005187988
0.08501958847045898
0.0883798599243164
0.09002208709716797
0.09202098846435547
0.09402132034301758
0.09302067756652832
0.09602189064025879
0.09202051162719727
0.09001994132995605
0.08802008628845215
0.08601856231689453
0.08601999282836914
0.08501911163330078
0.08802008628845215
0.08801937103271484
0.0870206356048584
0.0890192985534668
0.0870201587677002
0.08601927757263184
0.08601951599121094
0.08601903915405273
0.08601999282836914
0.08701896667480469
0.08401942253112793
0.08401870727539062
0.08601856231689453
0.09002113342285156
0.08601927757263184
0.0870203971862793
0.08801960945129395
0.0890202522277832
0.08801984786987305
0.089019775390625
0.09002041816711426
0.08801960945129395
0.0870199203491211
0.09002017974853516
0.08501911163330078
0.08701968193054199
0.08701920509338379
0.08601903915405273
0.08601999282836914
0.08802008628845215
0.08701920509338379
0.08601880073547363
0.08501935005187988
0.0880284309387207
0.09301376342773438
0.08701848983764648
0.09502124786376953
0.09102034568786621
0.08601951599121094
0.08501982688903809
0.08701944351196289
0.08501839637756348
0.08502769470214844
0.08802008628845215
0.08501887321472168
0.08501911163330078
0.08402132987976074
0.08401918411254883
0.08501672744750977
0.08601927757263184
0.08401894569396973
0.08401918411254883
0.08401894569396973
0.0870213508605957
0.08500933647155762
0.08602738380432129
0.08401894569396973
0.08401894569396973
0.08601951599121094
0.08501887321472168
0.09501338005065918
0.08801960945129395
0.08601975440979004
0.0890202522277832
0.08501935005187988
0.08802008628845215
0.089019775390625
0.0890200138092041
0.08701920509338379
0.09102106094360352
0.09202122688293457
0.08701825141906738
0.08801984786987305
0.1050257682800293
0.0910191535949707
0.12302684783935547
0.1070244312286377
0.10202288627624512
0.08801984786987305
0.08902096748352051
0.09402060508728027
0.09001946449279785
0.0870203971862793
0.09502077102661133
0.12802886962890625
0.09902310371398926
0.08801984786987305
0.08701968193054199
0.08501887321472168
0.08601927757263184
0.08502769470214844
0.09301257133483887
0.08701896667480469
0.09002065658569336
0.08601903915405273
0.08601975440979004
0.08502769470214844
0.08601093292236328
0.08601975440979004
0.08502912521362305
0.08400893211364746
0.08401894569396973
0.08501696586608887
0.0880119800567627
0.08501935005187988
0.08401846885681152
0.08401894569396973
0.08401894569396973
0.08401918411254883
0.08501887321472168
0.08501935005187988
0.08502745628356934
0.08401870727539062
0.08701181411743164
0.0860295295715332
0.08401918411254883
0.08500814437866211
0.08402729034423828
0.08401894569396973
0.08501076698303223
0.08501911163330078
0.08401894569396973
0.08502006530761719
0.0880274772644043
0.08501911163330078
0.08501911163330078
0.08501076698303223
0.08601975440979004
0.08601903915405273
0.08401894569396973
0.08601999282836914
0.08501839637756348
0.08602762222290039
0.0870199203491211
0.08601927757263184
0.08401894569396973
0.08501911163330078
0.08501958847045898
0.08501100540161133
0.08502697944641113
0.08501935005187988
0.08401870727539062
0.08501911163330078
0.09202313423156738
0.08601713180541992
0.08401894569396973
0.08501887321472168
0.08601951599121094
0.08401846885681152
0.08601140975952148
0.08801960945129395
0.09202075004577637
0.08501958847045898
0.09002017974853516
0.08601927757263184
0.08701968193054199
0.08601927757263184
0.0870201587677002
0.08502745628356934
0.08401894569396973
0.08501124382019043
0.08501863479614258
0.08602786064147949
0.08901166915893555
0.08601927757263184
0.08402776718139648
0.08501887321472168
0.08601903915405273
0.08401918411254883
0.08401107788085938
0.08402681350708008
0.08402705192565918
0.08401870727539062
0.09602165222167969
0.09201240539550781
0.08601927757263184
0.08401918411254883
0.08602762222290039
0.08601951599121094
0.08601093292236328
0.08501911163330078
0.08502769470214844
0.08501935005187988
0.08801937103271484
0.08901143074035645
0.0890207290649414
0.08601927757263184
0.08601927757263184
0.08601927757263184
0.08501935005187988
0.08401894569396973
0.08601951599121094
0.08502721786499023
0.08801984786987305
0.08601951599121094
0.08401870727539062
0.08501935005187988
0.08601140975952148
0.08601903915405273
0.08601927757263184
0.08402729034423828
0.08501935005187988
0.08501887321472168
0.08801984786987305
0.08401083946228027
0.0840291976928711
0.08500909805297852
0.08602762222290039
0.08501911163330078
0.08601927757263184
0.09101271629333496
0.08801889419555664
0.0870203971862793
0.09001994132995605
0.08601903915405273
0.08601951599121094
0.08601951599121094
0.08501911163330078
0.08502769470214844
0.08601927757263184
0.08501100540161133
0.08701944351196289
0.08401942253112793
0.0880274772644043
0.08401107788085938
0.08601927757263184
0.08402705192565918
0.08601975440979004
0.08501887321472168
0.08501076698303223
0.08401966094970703
0.08402657508850098
0.08501100540161133
0.0890195369720459
0.0860280990600586
0.08501887321472168
0.08501935005187988
0.08601975440979004
0.08501887321472168
0.08501100540161133
0.08602762222290039
0.0850212574005127
0.08501076698303223
0.08801770210266113
0.08501887321472168
0.08502006530761719
0.08501815795898438
