0.06700706481933594
0.041008710861206055
0.04100990295410156
0.04200935363769531
0.041008949279785156
0.04201793670654297
0.042009592056274414
0.040010929107666016
0.044010162353515625
0.041008949279785156
0.041007280349731445
0.04200911521911621
0.04100179672241211
0.04200887680053711
0.042009592056274414
0.04100966453552246
0.04200887680053711
0.04100942611694336
0.04100942611694336
0.04400968551635742
0.04001760482788086
0.04101133346557617
0.04099869728088379
0.04200911521911621
0.04100942611694336
0.04901123046875
0.04500985145568848
0.044010162353515625
0.04301023483276367
0.043009042739868164
0.04801058769226074
0.04201006889343262
0.04200911521911621
0.04300975799560547
0.04200911521911621
0.04301023483276367
0.04200911521911621
0.042009592056274414
0.04200935363769531
0.04300975799560547
0.04601097106933594
0.047009944915771484
0.04300975799560547
0.04400968551635742
0.042009830474853516
0.04100918769836426
0.04100918769836426
0.04100918769836426
0.042009830474853516
0.040017127990722656
0.04100918769836426
0.04500985145568848
0.04001164436340332
0.0420072078704834
0.041001081466674805
0.04101991653442383
0.042006731033325195
0.04100942611694336
0.04100942611694336
0.0400087833404541
0.04200935363769531
0.041001081466674805
0.045018672943115234
0.041008710861206055
0.04100942611694336
0.0410006046295166
0.04201817512512207
0.04100918769836426
0.0410003662109375
0.041010141372680664
0.041008949279785156
0.041008949279785156
0.042009592056274414
0.04400992393493652
0.0400090217590332
0.041008949279785156
0.04100942611694336
0.04100942611694336
0.04200935363769531
0.04101753234863281
0.0410008430480957
0.04100942611694336
0.04400992393493652
0.04400992393493652
0.0400087833404541
0.04100942611694336
0.04100918769836426
0.0400087833404541
0.04100799560546875
0.045011043548583984
0.041008949279785156
0.04100942611694336
0.041008949279785156
0.04100942611694336
0.04501843452453613
0.041001319885253906
0.04101729393005371
0.04001116752624512
0.04100918769836426
0.041008949279785156
0.04100942611694336
0.039999961853027344
0.041017770767211914
0.04200291633605957
0.04001569747924805
0.04500985145568848
0.04100942611694336
0.041001319885253906
0.04000997543334961
0.0410158634185791
0.04101157188415527
0.04100990295410156
0.04200911521911621
0.041007041931152344
0.04200935363769531
0.041001319885253906
0.04501795768737793
0.0400090217590332
0.04100942611694336
0.04100918769836426
0.042009592056274414
0.04101109504699707
0.04100751876831055
0.04000043869018555
0.04101729393005371
0.040009260177612305
0.04401230812072754
0.04100680351257324
0.04100942611694336
0.0410006046295166
0.04100966453552246
0.04100942611694336
0.041008710861206055
0.04100918769836426
0.04200935363769531
0.041017770767211914
0.04100942611694336
0.04501032829284668
0.041008710861206055
0.04100942611694336
0.04100942611694336
0.041001319885253906
0.04100799560546875
0.042009830474853516
0.04301023483276367
0.041008949279785156
0.04100918769836426
0.041008949279785156
0.04501056671142578
0.0400087833404541
0.041017770767211914
0.04000091552734375
0.041008949279785156
0.04902172088623047
0.0420072078704834
0.04100918769836426
0.041002511978149414
0.04100799560546875
0.040016889572143555
0.04501032829284668
0.04100942611694336
0.0410008430480957
0.04101753234863281
0.04100918769836426
0.04100942611694336
0.04100918769836426
0.040009260177612305
0.040001869201660156
0.041008710861206055
0.04400992393493652
0.04101705551147461
0.04100942611694336
0.04100918769836426
0.04100918769836426
0.04200911521911621
0.040009498596191406
0.04100918769836426
0.042000770568847656
0.042009830474853516
0.041008949279785156
0.04501032829284668
0.04050469398498535
0.04100942611694336
0.04000115394592285
0.04100918769836426
0.04100942611694336
0.041008949279785156
0.04100942611694336
0.04200935363769531
0.0400090217590332
0.04100155830383301
0.04501795768737793
0.0410008430480957
0.04000997543334961
0.041008710861206055
0.04101729393005371
0.04200100898742676
0.0400087833404541
0.04100918769836426
0.041017770767211914
0.04100918769836426
0.0410006046295166
0.045018911361694336
0.041008949279785156
0.041001319885253906
0.0400090217590332
0.04101967811584473
0.0420072078704834
0.04200935363769531
0.04100942611694336
0.04100942611694336
0.04100918769836426
0.04400968551635742
0.04100918769836426
0.04100942611694336
0.040008544921875
0.04200172424316406
0.04100918769836426
0.04100942611694336
0.041017770767211914
0.0410001277923584
0.04000735282897949
0.04101133346557617
0.04500770568847656
0.041001319885253906
0.04100942611694336
0.04201769828796387
0.04200124740600586
0.04100918769836426
0.04101729393005371
0.04200935363769531
0.04100155830383301
0.04200935363769531
0.042017459869384766
0.05001115798950195
0.04100155830383301
0.04101729393005371
0.04100918769836426
0.0410008430480957
0.04001736640930176
0.0400090217590332
0.04200935363769531
0.040009260177612305
0.04100918769836426
0.04000043869018555
0.04400181770324707
0.04100942611694336
0.04200887680053711
0.04100942611694336
0.042009592056274414
0.04101753234863281
0.04100918769836426
0.041001319885253906
0.041008710861206055
0.04100918769836426
0.04400992393493652
0.04100918769836426
0.04100942611694336
0.04001736640930176
0.040009498596191406
0.041001319885253906
0.04101705551147461
0.04100918769836426
0.041008949279785156
0.04100942611694336
0.04100918769836426
0.04400992393493652
0.04100918769836426
0.0400090217590332
0.04100918769836426
0.04100966453552246
0.0410008430480957
0.041017770767211914
0.04201006889343262
0.04200863838195801
0.04100918769836426
0.04100918769836426
0.045001983642578125
0.040008544921875
0.04100990295410156
0.041008710861206055
0.04000973701477051
0.04100918769836426
0.04500937461853027
0.042009830474853516
0.04100942611694336
0.04100918769836426
0.040017127990722656
0.047002315521240234
0.04100918769836426
0.04100942611694336
0.04101729393005371
0.04101109504699707
0.04100751876831055
0.04100918769836426
0.041008710861206055
0.04100966453552246
0.04111933708190918
0.04501032829284668
0.0400090217590332
0.04100942611694336
0.041008710861206055
0.04100990295410156
0.04100918769836426
0.04200935363769531
0.042009592056274414
0.04100942611694336
0.041008710861206055
0.04100942611694336
0.04428505897521973
0.0410008430480957
0.04101729393005371
0.041001319885253906
0.04101729393005371
0.04100918769836426
0.04100155830383301
0.04101705551147461
0.04100918769836426
0.04000067710876465
0.04101753234863281
0.04400992393493652
0.041008949279785156
0.04100918769836426
0.04100155830383301
0.041008949279785156
0.04101729393005371
0.04100155830383301
0.04200935363769531
0.0400090217590332
0.04200911521911621
0.040009498596191406
0.04400992393493652
0.041008949279785156
0.04000973701477051
0.041008710861206055
0.04101753234863281
0.04100942611694336
0.04100942611694336
0.04200911521911621
0.041011810302734375
0.04100680351257324
0.04400157928466797
0.04101753234863281
0.041001319885253906
0.04101729393005371
0.041001081466674805
0.04100942611694336
0.04200887680053711
0.045018672943115234
0.04400157928466797
0.042017459869384766
0.04100966453552246
0.04500126838684082
0.04100966453552246
0.041008949279785156
0.04100966453552246
0.04100942611694336
0.04100918769836426
0.04100918769836426
0.04100966453552246
0.04001212120056152
0.04100942611694336
0.04100847244262695
0.04401850700378418
0.04100942611694336
0.040009260177612305
0.0410008430480957
0.04101991653442383
0.04099893569946289
0.041008949279785156
0.04201984405517578
0.04099917411804199
0.04101705551147461
0.04100942611694336
0.04500985145568848
0.04100918769836426
0.041017770767211914
0.04200100898742676
0.042009592056274414
0.04200887680053711
0.04101824760437012
0.041008949279785156
0.04100990295410156
0.041008949279785156
0.044011831283569336
0.041007041931152344
0.04000067710876465
0.04101991653442383
0.0420074462890625
0.041008710861206055
0.04100942611694336
0.0400087833404541
0.04100990295410156
0.041008949279785156
0.041001081466674805
0.04401803016662598
0.04100918769836426
0.040009260177612305
0.041001081466674805
0.04001927375793457
0.042009592056274414
0.04221916198730469
0.04100942611694336
0.04100918769836426
0.04100918769836426
0.040009260177612305
0.04501056671142578
0.04100847244262695
0.040009260177612305
0.04100942611694336
0.041008949279785156
0.04100942611694336
0.04100918769836426
0.04100942611694336
0.0400090217590332
0.041008949279785156
0.041008949279785156
0.04401040077209473
0.04100942611694336
0.04100918769836426
0.041008710861206055
0.04100918769836426
0.04100942611694336
0.04100918769836426
0.040008544921875
0.04501032829284668
0.04501080513000488
0.04500985145568848
0.04100918769836426
0.04100966453552246
0.04200911521911621
0.04100918769836426
0.04100942611694336
0.04300951957702637
0.04100942611694336
0.05701303482055664
0.04200911521911621
0.04100942611694336
0.04500985145568848
0.0400090217590332
0.04100966453552246
0.041008949279785156
0.040009498596191406
0.041008710861206055
0.04200935363769531
0.04100918769836426
0.04100942611694336
0.04100918769836426
0.04100942611694336
0.04501032829284668
0.041008949279785156
0.0400090217590332
0.04100918769836426
0.04100942611694336
0.04100942611694336
0.041008949279785156
0.0400090217590332
0.04200935363769531
0.04100942611694336
0.04100942611694336
0.04400968551635742
0.040009260177612305
0.041008949279785156
0.0400087833404541
0.04100990295410156
0.04100918769836426
0.042009830474853516
0.041008710861206055
0.04100918769836426
0.04100918769836426
0.04500985145568848
0.040009498596191406
0.040009260177612305
0.04200935363769531
0.042009592056274414
0.04200911521911621
0.04100966453552246
0.04100918769836426
0.04100918769836426
0.04100942611694336
0.04100918769836426
0.04400920867919922
0.04100966453552246
0.04100966453552246
0.041008949279785156
0.04100942611694336
0.04100918769836426
0.04200911521911621
0.040009260177612305
0.04100918769836426
0.0400090217590332
0.040009498596191406
0.04500985145568848
0.0400090217590332
0.04100966453552246
0.041008710861206055
0.04100918769836426
0.042009592056274414
0.04200935363769531
0.04100966453552246
0.13903164863586426
0.08701968193054199
0.08401918411254883
0.08501911163330078
0.08501887321472168
0.08401894569396973
0.08601975440979004
0.08601927757263184
0.08501887321472168
0.0890204906463623
0.08701968193054199
0.09102010726928711
0.08801984786987305
0.0890200138092041
0.09402108192443848
0.09402179718017578
0.08801960945129395
0.08601975440979004
0.08601903915405273
0.0890202522277832
0.08501887321472168
0.08501935005187988
0.08601903915405273
0.08701944351196289
0.08501982688903809
0.08501887321472168
0.08501911163330078
0.08501935005187988
0.08401870727539062
0.08802008628845215
0.08501863479614258
0.08401918411254883
0.08601927757263184
0.08501958847045898
0.08701968193054199
0.08601903915405273
0.08501911163330078
0.08501958847045898
0.08501887321472168
0.08801960945129395
0.08501911163330078
0.08501911163330078
0.08501982688903809
0.08601903915405273
0.08512043952941895
0.08591794967651367
0.08601975440979004
0.08501863479614258
0.08601999282836914
0.09602069854736328
0.09102129936218262
0.08701968193054199
0.08801984786987305
0.08601903915405273
0.08501911163330078
0.08501911163330078
0.0870199203491211
0.08701944351196289
0.0890200138092041
0.08701968193054199
0.08501958847045898
0.08501887321472168
0.09902191162109375
0.0870199203491211
0.08601903915405273
0.08401918411254883
0.08501958847045898
0.08701920509338379
0.08601927757263184
0.09702253341674805
0.09702134132385254
0.08501887321472168
0.0870199203491211
0.08501935005187988
0.08501911163330078
0.08401918411254883
0.08501839637756348
0.09702229499816895
0.08601927757263184
0.08701872825622559
0.08602023124694824
0.08401894569396973
0.08501958847045898
0.08701896667480469
0.08501935005187988
0.08401894569396973
0.08601927757263184
0.08501911163330078
0.08501958847045898
0.08801984786987305
0.08501887321472168
0.08501958847045898
0.08501935005187988
0.08601951599121094
0.08701944351196289
0.0870199203491211
0.08501887321472168
0.08568096160888672
0.08501935005187988
0.08701968193054199
0.08501887321472168
0.08501982688903809
0.08301019668579102
0.08401894569396973
0.08501076698303223
0.08601927757263184
0.08501887321472168
0.08601975440979004
0.09102201461791992
0.09301948547363281
0.08701944351196289
0.09902238845825195
0.08801960945129395
0.08601951599121094
0.0870201587677002
0.09001994132995605
0.08601927757263184
0.08601951599121094
0.08601903915405273
0.0890204906463623
0.08501911163330078
0.08502697944641113
0.08401942253112793
0.08501911163330078
0.08501911163330078
0.08501005172729492
0.08601999282836914
0.08501911163330078
0.0870201587677002
0.09202027320861816
0.08601927757263184
0.08401894569396973
0.08502769470214844
0.08401107788085938
0.08602714538574219
0.08601927757263184
0.08501958847045898
0.08501076698303223
0.08701920509338379
0.0890202522277832
0.08601927757263184
0.08601999282836914
0.08502674102783203
0.08501935005187988
0.08501124382019043
0.08502721786499023
0.08701968193054199
0.08401012420654297
0.0860280990600586
0.09002017974853516
0.08401918411254883
0.08501911163330078
0.08401894569396973
0.08601927757263184
0.08501935005187988
0.08501887321472168
0.08402109146118164
0.08401703834533691
0.08501887321472168
0.08802032470703125
0.08501124382019043
0.08501863479614258
0.08501887321472168
0.08501911163330078
0.08401918411254883
0.08601927757263184
0.08501911163330078
0.08401918411254883
0.09302043914794922
0.0890202522277832
0.09002041816711426
0.08601951599121094
0.08601927757263184
0.08701944351196289
0.08601999282836914
0.08601927757263184
0.08602738380432129
0.08501076698303223
0.08502721786499023
0.08802032470703125
0.08501076698303223
0.08402729034423828
0.08501887321472168
0.08501100540161133
0.08701944351196289
0.08501982688903809
0.08501863479614258
0.08601927757263184
0.08501935005187988
0.08702802658081055
0.08501911163330078
0.08402085304260254
0.08501720428466797
0.08601927757263184
0.08501195907592773
0.08401799201965332
0.08501935005187988
0.08502697944641113
0.08601951599121094
0.08801984786987305
0.08501124382019043
0.08602738380432129
0.09002017974853516
0.08501935005187988
0.08402085304260254
0.08600926399230957
0.08502745628356934
0.08501052856445312
0.08501982688903809
0.0890192985534668
0.08501982688903809
0.08502912521362305
0.08500885963439941
0.08602738380432129
0.08701157569885254
0.08502721786499023
0.08501076698303223
0.08402752876281738
0.08401918411254883
0.08801126480102539
0.08401894569396973
0.08501958847045898
0.08502697944641113
0.08601164817810059
0.08401894569396973
0.08501887321472168
0.08502721786499023
0.08701157569885254
0.09202075004577637
0.09002017974853516
0.10802459716796875
0.08802008628845215
0.08601927757263184
0.08601975440979004
0.08701968193054199
0.08502697944641113
0.08401894569396973
0.08601951599121094
0.08602142333984375
0.08701777458190918
0.08601069450378418
0.08401894569396973
0.08501935005187988
0.08701968193054199
0.08802008628845215
0.08601903915405273
0.08701968193054199
0.08601903915405273
0.08502793312072754
0.09202051162719727
0.08501124382019043
0.08502697944641113
0.08402132987976074
0.08600902557373047
0.08601927757263184
0.08501887321472168
0.08401942253112793
0.08501958847045898
0.08601903915405273
0.08701920509338379
0.08501911163330078
0.08501911163330078
0.08601927757263184
0.08501935005187988
0.08501935005187988
0.08502745628356934
0.0850210189819336
0.08501720428466797
0.08501935005187988
0.08701944351196289
0.08401894569396973
0.08501911163330078
0.08401131629943848
0.08502674102783203
0.08601140975952148
0.08601951599121094
0.08501863479614258
0.08601999282836914
0.08501863479614258
0.08802056312561035
0.08501839637756348
0.08501911163330078
0.08401918411254883
0.08402705192565918
0.08501911163330078
0.08501148223876953
0.08601951599121094
0.09402084350585938
0.08701896667480469
0.09302163124084473
0.08601880073547363
0.08602046966552734
0.08701848983764648
0.08601951599121094
0.08902835845947266
0.08601975440979004
0.08601927757263184
0.08501887321472168
0.08701968193054199
0.0890204906463623
0.08601927757263184
0.08601927757263184
0.08601927757263184
0.0860297679901123
0.08500909805297852
0.08602738380432129
0.08501887321472168
0.08501958847045898
0.08402085304260254
0.08801007270812988
0.08601927757263184
0.08501863479614258
0.08502006530761719
0.08601880073547363
0.08601927757263184
0.08401918411254883
0.08801937103271484
0.08501911163330078
0.08502745628356934
0.08901214599609375
0.08502721786499023
0.08601140975952148
0.08501935005187988
0.08601140975952148
0.08501863479614258
0.08601975440979004
0.08701920509338379
0.08701968193054199
0.08501911163330078
0.09002065658569336
0.0880277156829834
0.08701968193054199
0.08601999282836914
0.08701086044311523
0.08601927757263184
0.08502769470214844
0.08401870727539062
0.08601975440979004
0.08402085304260254
0.08901166915893555
0.08402752876281738
0.08501911163330078
0.08401894569396973
0.08501887321472168
0.08601140975952148
0.08601927757263184
0.09302067756652832
0.09202098846435547
0.09102082252502441
0.11502552032470703
0.0870211124420166
0.08601832389831543
0.08601880073547363
0.09102082252502441
0.08501911163330078
0.08502793312072754
0.08501029014587402
0.08502769470214844
0.08601021766662598
0.08802103996276855
0.08501863479614258
0.0870199203491211
0.089019775390625
0.08501982688903809
0.08501839637756348
0.08602762222290039
0.08401107788085938
0.08501935005187988
0.08501839637756348
0.0890207290649414
0.08501958847045898
0.08701872825622559
0.08502745628356934
0.08601975440979004
0.08501100540161133
0.08502697944641113
0.08501935005187988
0.08402085304260254
0.08401083946228027
0.08802580833435059
0.0850212574005127
0.08600950241088867
0.08602714538574219
0.08601164817810059
0.08501935005187988
0.08501839637756348
0.08502984046936035
0.08400845527648926
0.08502697944641113
0.0870201587677002
0.08501911163330078
0.08501124382019043
0.08601951599121094
0.08601927757263184
0.08501911163330078
0.08602738380432129
0.08501100540161133
0.08802008628845215
0.08701848983764648
0.09202122688293457
0.08902096748352051
0.089019775390625
0.089019775390625
0.0890204906463623
0.08801889419555664
0.09402179718017578
0.11002421379089355
0.1090247631072998
0.10801315307617188
0.09502053260803223
0.09002089500427246
0.11402606964111328
0.09602165222167969
0.09702229499816895
0.10202360153198242
0.09402012825012207
0.0890200138092041
0.08701968193054199
0.08502030372619629
0.0890188217163086
0.08602786064147949
0.08401107788085938
0.08401083946228027
0.08501887321472168
0.08402729034423828
0.08401918411254883
0.08401870727539062
0.08701181411743164
0.08601975440979004
0.09001994132995605
0.08801865577697754
0.0870208740234375
0.09001994132995605
0.08802032470703125
0.089019775390625
0.09402084350585938
0.08802103996276855
0.09001898765563965
0.08801984786987305
0.09102058410644531
0.089019775390625
0.08501958847045898
0.08502721786499023
0.08501124382019043
0.08502721786499023
0.08501935005187988
0.08701944351196289
0.08501124382019043
0.08601880073547363
0.08902835845947266
0.08501100540161133
0.08802008628845215
0.08601975440979004
0.08601927757263184
0.08601903915405273
0.08602762222290039
0.08501911163330078
0.08601927757263184
0.08501100540161133
0.08701944351196289
0.24605560302734375
0.09102010726928711
0.0890207290649414
0.089019775390625
0.08801984786987305
0.0890200138092041
0.08601975440979004
0.0870201587677002
0.08601832389831543
0.0890202522277832
0.0890202522277832
0.08601880073547363
0.09102129936218262
0.08801937103271484
0.0870199203491211
0.08501887321472168
0.08501935005187988
0.08401894569396973
0.08701968193054199
0.08502721786499023
0.0850212574005127
0.08700919151306152
0.08601927757263184
0.08701944351196289
0.09102129936218262
0.08502912521362305
0.08601713180541992
0.0900120735168457
0.08602762222290039
0.08501911163330078
0.08601951599121094
0.08701133728027344
0.08701944351196289
0.08601927757263184
0.08502793312072754
0.08501935005187988
0.08501911163330078
0.0880117416381836
0.08502745628356934
0.08401870727539062
