100003
100011
100025
100047
100059
100067
100077
100105
100117
100137
100157
100163
100177
100189
100197
100201
100211
100219
100239
100269
100281
100289
100297
100301
100317
100335
100349
100363
100367
100369
100381
100393
100399
100407
100415
100421
100447
100463
100475
100487
100497
100505
100515
100521
100523
100527
100537
100549
100553
100561
100589
100611
100621
100627
100647
100669
100679
100697
100701
100707
100731
100743
100751
100769
100787
100801
100805
100813
100823
100829
100847
100853
100899
100915
100933
100935
100937
100943
100955
100977
100987
101001
101009
101019
101027
101047
101061
101081
101089
101105
101111
101113
101115
101117
101135
101145
101159
101161
101169
101179
101193
101201
101207
101207
101217
101255
101271
101283
101281
101283
101289
101315
101329
101341
101345
101355
101359
101373
101379
101393
101407
101415
101425
101443
101461
101475
101481
101485
101495
101499
101507
101519
101527
101529
101531
101551
101565
101577
101593
101599
101607
101619
101633
101647
101659
101673
101687
101697
101711
101717
101731
101735
101741
101743
101761
101779
101791
101803
101823
101831
101835
101853
101861
101867
101873
101881
101905
101915
101923
101931
101945
101955
101969
101979
101989
101993
102003
102009
102015
102021
102031
102047
102053
102063
102067
102069
102087
102093
102099
102109
102125
102139
102153
102169
102181
102189
102191
102193
102203
102217
102223
102231
102239
102243
102249
102275
102287
102295
102305
102315
102325
102345
102355
102383
102397
102401
102419
102425
102439
102449
102467
102483
102489
102493
102507
102519
102527
102535
102537
102545
102549
102569
102579
102595
102599
102625
102633
102643
102653
102659
102663
102665
102683
102735
102753
102765
102779
102781
102797
102813
102825
102843
102855
102863
102867
102891
102897
102913
102917
102933
102949
102967
102985
102993
103023
103033
103051
103055
103061
103069
103073
103075
103081
103101
103121
103151
103163
103169
103195
103211
103223
103265
103275
103293
103301
103313
103329
103339
103365
103373
103377
103379
103387
103399
103403
103427
103437
103451
103463
103487
103507
103529
103535
103541
103545
103551
103555
103561
103567
103587
103597
103619
103629
103637
103647
103657
103665
103677
103681
103697
103739
103765
103785
103793
103793
103811
103817
103821
103841
103861
103879
103891
103897
103923
103937
103947
103947
103953
103955
103965
103967
103971
103977
103983
103993
104005
104021
104029
104035
104057
104063
104081
104087
104093
104097
104117
104123
104135
104145
104153
104157
104177
104201
104209
104215
104217
104247
104259
104273
104283
104285
104295
104299
104317
104337
104353
104359
104365
104369
104385
104423
104443
104451
104453
104459
104479
104497
104509
104515
104521
104521
104529
104545
104561
104569
104591
104607
104623
104631
104645
104651
104655
104661
104669
104675
104681
104685
104691
104697
104709
104725
104731
104741
104747
104757
104769
104773
104793
104799
104817
104821
104835
104847
104859
104877
104885
104901
104913
104921
104927
104937
104951
104965
104985
104991
104999
105003
105031
105059
105077
105103
105111
105133
105141
105163
105177
105193
105197
105205
105215
105219
105227
105233
105241
105277
105289
105301
105303
105305
105319
105325
105331
105337
105341
105351
105359
105365
105371
105395
105411
105431
105453
105463
105469
105473
105479
105487
105491
105495
105501
105515
105525
105557
105571
105579
105583
105605
105615
105631
105635
105643
105651
105661
105685
105695
105713
105723
105729
105731
105769
100003
100011
100025
100047
100059
100067
100077
100105
100117
100137
100157
100163
100177
100189
100197
100201
100211
100219
100239
100269
100281
100289
100297
100301
100317
100335
100349
100363
100367
100369
100381
100393
100399
100407
100415
100421
100447
100463
100475
100487
100497
100505
100515
100521
100523
100527
100537
100549
100553
100561
100589
100611
100621
100627
100647
100669
100679
100697
100701
100707
100731
100743
100751
100769
100787
100801
100805
100813
100823
100829
100847
100853
100899
100915
100933
100935
100937
100943
100955
100977
100987
101001
101009
101019
101027
101047
101061
101081
101089
101105
101111
101113
101115
101117
101135
101145
101159
101161
101169
101179
101193
101201
101207
101207
101217
101255
101271
101283
101281
101283
101289
101315
101329
101341
101345
101355
101359
101373
101379
101393
101407
101415
101425
101443
101461
101475
101481
101485
101495
101499
101507
101519
101527
101529
101531
101551
101565
101577
101593
101599
101607
101619
101633
101647
101659
101673
101687
101697
101711
101717
101731
101735
101741
101743
101761
101779
101791
101803
101823
101831
101835
101853
101861
101867
101873
101881
101905
101915
101923
101931
101945
101955
101969
101979
101989
101993
102003
102009
102015
102021
102031
102047
102053
102063
102067
102069
102087
102093
102099
102109
102125
102139
102153
102169
102181
102189
102191
102193
102203
102217
102223
102231
102239
102243
102249
102275
102287
102295
102305
102315
102325
102345
102355
102383
102397
102401
102419
102425
102439
102449
102467
102483
102489
102493
102507
102519
102527
102535
102537
102545
102549
102569
102579
102595
102599
102625
102633
102643
102653
102659
102663
102665
102683
102735
102753
102765
102779
102781
102797
102813
102825
102843
102855
102863
102867
102891
102897
102913
102917
102933
102949
102967
102985
102993
103023
103033
103051
103055
103061
103069
103073
103075
103081
103101
103121
103151
103163
103169
103195
103211
103223
103265
103275
103293
103301
103313
103329
103339
103365
103373
103377
103379
103387
103399
103403
103427
103437
103451
103463
103487
103507
103529
103535
103541
103545
103551
103555
103561
103567
103587
103597
103619
103629
103637
103647
103657
103665
103677
103681
103697
103739
103765
103785
103793
103793
103811
103817
103821
103841
103861
103879
103891
103897
103923
103937
103947
103947
103953
103955
103965
103967
103971
103977
103983
103993
104005
104021
104029
104035
104057
104063
104081
104087
104093
104097
104117
104123
104135
104145
104153
104157
104177
104201
104209
104215
104217
104247
104259
104273
104283
104285
104295
104299
104317
104337
104353
104359
104365
104369
104385
104423
104443
104451
104453
104459
104479
104497
104509
104515
104521
104521
104529
104545
104561
104569
104591
104607
104623
104631
104645
104651
104655
104661
104669
104675
104681
104685
104691
104697
104709
104725
104731
104741
104747
104757
104769
104773
104793
104799
104817
104821
104835
104847
104859
104877
104885
104901
104913
104921
104927
104937
104951
104965
104985
104991
104999
105003
105031
105059
105077
105103
105111
105133
105141
105163
105177
105193
105197
105205
105215
105219
105227
105233
105241
105277
105289
105301
105303
105305
105319
105325
105331
105337
105341
105351
105359
105365
105371
105395
105411
105431
105453
105463
105469
105473
105479
105487
105491
105495
105501
105515
105525
105557
105571
105579
105583
105605
105615
105631
105635
105643
105651
105661
105685
105695
105713
105723
105729
105731
105769
