999999937
999999999
1000000011
1000000025
1000000027
1000000077
1000000091
1000000099
1000000097
1000000115
1000000169
1000000203
1000000223
1000000235
1000000263
1000000283
1000000293
1000000311
1000000339
1000000357
1000000393
1000000403
1000000405
1000000415
1000000423
1000000429
1000000435
1000000441
1000000447
1000000469
1000000499
1000000523
1000000565
1000000597
1000000607
1000000625
1000000649
1000000695
1000000741
1000000777
1000000793
1000000815
1000000845
1000000859
1000000877
1000000885
1000000903
1000000915
1000000919
1000000969
1000000995
1000001011
1000001033
1000001067
1000001085
1000001117
1000001143
1000001183
1000001197
1000001219
1000001241
1000001251
1000001255
1000001257
1000001285
1000001307
1000001315
1000001329
1000001347
1000001371
1000001391
1000001423
1000001429
1000001465
1000001479
1000001507
1000001515
1000001517
1000001551
1000001589
1000001603
1000001609
1000001619
1000001635
1000001651
1000001671
1000001727
1000001751
1000001767
1000001765
1000001773
1000001773
1000001789
1000001823
1000001857
1000001891
1000001901
1000001927
1000001935
1000001941
1000002003
1000002057
1000002083
1000002109
1000002119
1000002131
1000002139
1000002153
1000002159
1000002195
1000002207
1000002243
1000002271
1000002323
1000002333
1000002393
1000002415
1000002429
1000002459
1000002527
1000002551
1000002575
1000002591
1000002601
1000002611
1000002625
1000002681
1000002747
1000002773
1000002787
1000002783
1000002785
1000002853
1000002895
1000002951
1000002971
1000002975
1000003003
1000003013
1000003051
1000003067
1000003089
1000003107
1000003113
1000003117
1000003157
1000003193
1000003207
1000003209
1000003217
1000003223
1000003225
1000003233
1000003257
1000003287
1000003305
1000003311
1000003323
1000003329
1000003345
1000003411
1000003427
1000003465
1000003469
1000003507
1000003525
1000003533
1000003547
1000003567
1000003591
1000003601
1000003611
1000003625
1000003653
1000003691
1000003703
1000003717
1000003721
1000003733
1000003737
1000003781
1000003799
1000003819
1000003833
1000003837
1000003851
1000003861
1000003875
1000003893
1000003901
1000003909
1000003927
1000003941
1000003965
1000003999
1000004039
1000004065
1000004069
1000004137
1000004175
1000004199
1000004193
1000004201
1000004251
1000004271
1000004319
1000004329
1000004373
1000004387
1000004399
1000004429
1000004445
1000004457
1000004473
1000004499
1000004507
1000004517
1000004539
1000004547
1000004561
1000004565
1000004579
1000004621
1000004635
1000004653
1000004697
1000004713
1000004721
1000004721
1000004735
1000004767
1000004777
1000004783
1000004787
1000004795
1000004799
1000004819
1000004823
1000004827
1000004851
1000004863
1000004903
1000004913
1000004933
1000004955
1000004981
1000004997
1000005029
1000005059
1000005113
1000005129
1000005135
1000005155
1000005199
1000005217
1000005227
1000005241
1000005253
1000005265
1000005277
1000005285
1000005321
1000005333
1000005361
1000005367
1000005373
1000005373
1000005389
1000005411
1000005447
1000005465
1000005473
1000005501
1000005547
1000005573
1000005605
1000005649
1000005663
1000005673
1000005681
1000005707
1000005739
1000005749
1000005753
1000005761
1000005779
1000005813
1000005827
1000005863
1000005871
1000005879
1000005885
1000005889
1000005903
1000005911
1000005933
1000005941
1000005953
1000005953
1000005973
1000006003
1000006017
1000006041
1000006043
1000006087
1000006107
1000006127
1000006137
1000006143
1000006209
1000006229
1000006249
1000006259
1000006287
1000006305
1000006327
1000006333
1000006363
1000006369
1000006387
1000006441
1000006481
1000006493
1000006493
1000006511
1000006527
1000006565
1000006573
1000006603
1000006621
1000006657
1000006687
1000006739
1000006775
1000006809
1000006859
1000006871
1000006875
1000006881
1000006903
1000006923
1000006931
1000006983
1000007019
1000007045
1000007051
1000007059
1000007087
1000007109
1000007137
1000007145
1000007157
1000007175
1000007215
1000007245
1000007281
1000007291
1000007313
1000007325
1000007343
1000007349
1000007361
1000007373
1000007391
1000007407
1000007417
1000007425
1000007431
1000007449
1000007517
1000007547
1000007555
1000007547
1000007569
1000007597
1000007613
1000007633
1000007651
1000007665
1000007693
1000007711
1000007729
1000007761
1000007779
1000007801
1000007813
1000007819
1000007819
1000007827
1000007915
1000007973
1000007991
1000007993
1000007995
1000008011
1000008055
1000008071
1000008109
1000008141
1000008151
1000008157
1000008161
1000008191
1000008199
1000008227
1000008233
1000008277
1000008289
1000008305
1000008313
1000008321
1000008363
1000008393
1000008439
1000008475
1000008503
1000008521
1000008531
1000008541
1000008549
1000008557
1000008593
1000008607
1000008639
1000008651
1000008671
1000008675
1000008681
1000008687
1000008703
1000008727
1000008773
1000008797
1000008817
1000008841
1000008883
1000008893
1000008935
1000008955
1000008971
1000008973
1000008993
1000009005
1000009035
1000009055
1000009083
1000009097
1000009129
1000009149
1000009155
1000009159
1000009169
1000009189
1000009201
1000009231
1000009267
1000009277
1000009291
1000009307
1000009325
1000009339
1000009355
1000009385
1000009399
1000009401
1000009407
1000009423
1000009429
1000009435
1000009439
1000009445
1000009461
1000009467
1000009475
1000009493
1000009515
1000009533
1000009545
1000009573
1000009597
1000009607
1000009621
1000009649
1000009693
1000009725
1000009737
1000009815
1000009863
1000009901
1000009917
1000009931
1000009961
1000010009
1000010037
1000010053
1000010057
1000010087
1000010103
1000010111
1000010123
999999937
999999999
1000000011
1000000025
1000000027
1000000077
1000000091
1000000099
1000000097
1000000115
1000000169
1000000203
1000000223
1000000235
1000000263
1000000283
1000000293
1000000311
1000000339
1000000357
1000000393
1000000403
1000000405
1000000415
1000000423
1000000429
1000000435
1000000441
1000000447
1000000469
1000000499
1000000523
1000000565
1000000597
1000000607
1000000625
1000000649
1000000695
1000000741
1000000777
1000000793
1000000815
1000000845
1000000859
1000000877
1000000885
1000000903
1000000915
1000000919
1000000969
1000000995
1000001011
1000001033
1000001067
1000001085
1000001117
1000001143
1000001183
1000001197
1000001219
1000001241
1000001251
1000001255
1000001257
1000001285
1000001307
1000001315
1000001329
1000001347
1000001371
1000001391
1000001423
1000001429
1000001465
1000001479
1000001507
1000001515
1000001517
1000001551
1000001589
1000001603
1000001609
1000001619
1000001635
1000001651
1000001671
1000001727
1000001751
1000001767
1000001765
1000001773
1000001773
1000001789
1000001823
1000001857
1000001891
1000001901
1000001927
1000001935
1000001941
1000002003
1000002057
1000002083
1000002109
1000002119
1000002131
1000002139
1000002153
1000002159
1000002195
1000002207
1000002243
1000002271
1000002323
1000002333
1000002393
1000002415
1000002429
1000002459
1000002527
1000002551
1000002575
1000002591
1000002601
1000002611
1000002625
1000002681
1000002747
1000002773
1000002787
1000002783
1000002785
1000002853
1000002895
1000002951
1000002971
1000002975
1000003003
1000003013
1000003051
1000003067
1000003089
1000003107
1000003113
1000003117
1000003157
1000003193
1000003207
1000003209
1000003217
1000003223
1000003225
1000003233
1000003257
1000003287
1000003305
1000003311
1000003323
1000003329
1000003345
1000003411
1000003427
1000003465
1000003469
1000003507
1000003525
1000003533
1000003547
1000003567
1000003591
1000003601
1000003611
1000003625
1000003653
1000003691
1000003703
1000003717
1000003721
1000003733
1000003737
1000003781
1000003799
1000003819
1000003833
1000003837
1000003851
1000003861
1000003875
1000003893
1000003901
1000003909
1000003927
1000003941
1000003965
1000003999
1000004039
1000004065
1000004069
1000004137
1000004175
1000004199
1000004193
1000004201
1000004251
1000004271
1000004319
1000004329
1000004373
1000004387
1000004399
1000004429
1000004445
1000004457
1000004473
1000004499
1000004507
1000004517
1000004539
1000004547
1000004561
1000004565
1000004579
1000004621
1000004635
1000004653
1000004697
1000004713
1000004721
1000004721
1000004735
1000004767
1000004777
1000004783
1000004787
1000004795
1000004799
1000004819
1000004823
1000004827
1000004851
1000004863
1000004903
1000004913
1000004933
1000004955
1000004981
1000004997
1000005029
1000005059
1000005113
1000005129
1000005135
1000005155
1000005199
1000005217
1000005227
1000005241
1000005253
1000005265
1000005277
1000005285
1000005321
1000005333
1000005361
1000005367
1000005373
1000005373
1000005389
1000005411
1000005447
1000005465
1000005473
1000005501
1000005547
1000005573
1000005605
1000005649
1000005663
1000005673
1000005681
1000005707
1000005739
1000005749
1000005753
1000005761
1000005779
1000005813
1000005827
1000005863
1000005871
1000005879
1000005885
1000005889
1000005903
1000005911
1000005933
1000005941
1000005953
1000005953
1000005973
1000006003
1000006017
1000006041
1000006043
1000006087
1000006107
1000006127
1000006137
1000006143
1000006209
1000006229
1000006249
1000006259
1000006287
1000006305
1000006327
1000006333
1000006363
1000006369
1000006387
1000006441
1000006481
1000006493
1000006493
1000006511
1000006527
1000006565
1000006573
1000006603
1000006621
1000006657
1000006687
1000006739
1000006775
1000006809
1000006859
1000006871
1000006875
1000006881
1000006903
1000006923
1000006931
1000006983
1000007019
1000007045
1000007051
1000007059
1000007087
1000007109
1000007137
1000007145
1000007157
1000007175
1000007215
1000007245
1000007281
1000007291
1000007313
1000007325
1000007343
1000007349
1000007361
1000007373
1000007391
1000007407
1000007417
1000007425
1000007431
1000007449
1000007517
1000007547
1000007555
1000007547
1000007569
1000007597
1000007613
1000007633
1000007651
1000007665
1000007693
1000007711
1000007729
1000007761
1000007779
1000007801
1000007813
1000007819
1000007819
1000007827
1000007915
1000007973
1000007991
1000007993
1000007995
1000008011
1000008055
1000008071
1000008109
1000008141
1000008151
1000008157
1000008161
1000008191
1000008199
1000008227
1000008233
1000008277
1000008289
1000008305
1000008313
1000008321
1000008363
1000008393
1000008439
1000008475
1000008503
1000008521
1000008531
1000008541
1000008549
1000008557
1000008593
1000008607
1000008639
1000008651
1000008671
1000008675
1000008681
1000008687
1000008703
1000008727
1000008773
1000008797
1000008817
1000008841
1000008883
1000008893
1000008935
1000008955
1000008971
1000008973
1000008993
1000009005
1000009035
1000009055
1000009083
1000009097
1000009129
1000009149
1000009155
1000009159
1000009169
1000009189
1000009201
1000009231
1000009267
1000009277
1000009291
1000009307
1000009325
1000009339
1000009355
1000009385
1000009399
1000009401
1000009407
1000009423
1000009429
1000009435
1000009439
1000009445
1000009461
1000009467
1000009475
1000009493
1000009515
1000009533
1000009545
1000009573
1000009597
1000009607
1000009621
1000009649
1000009693
1000009725
1000009737
1000009815
1000009863
1000009901
1000009917
1000009931
1000009961
1000010009
1000010037
1000010053
1000010057
1000010087
1000010103
1000010111
1000010123
